0.12501001358032227
0.1249687671661377
0.12499618530273438
0.12499594688415527
0.12499594688415527
0.12499570846557617
0.10934948921203613
0.12500834465026855
0.1249699592590332
0.14061737060546875
0.1093742847442627
0.1249690055847168
0.12496089935302734
0.12499642372131348
0.12500500679016113
0.12499666213989258
0.12499618530273438
0.12493109703063965
0.12499618530273438
0.12500977516174316
0.12497091293334961
0.12500381469726562
0.12500572204589844
0.12500452995300293
0.12499499320983887
0.12499594688415527
0.10938429832458496
0.12499570846557617
0.12499260902404785
0.12499499320983887
0.1249697208404541
0.1249701976776123
0.12499594688415527
0.1093595027923584
0.12497067451477051
0.10937380790710449
0.1093759536743164
0.12499690055847168
0.12500548362731934
0.12497067451477051
0.12500429153442383
0.10933542251586914
0.12499451637268066
0.12496352195739746
0.12497854232788086
0.1249690055847168
0.12497138977050781
0.1249701976776123
0.12494492530822754
0.12496638298034668
0.10934948921203613
0.1249685287475586
0.12494373321533203
0.10934233665466309
0.12496638298034668
0.10934805870056152
0.12494492530822754
0.12496805191040039
0.124969482421875
0.1249690055847168
0.12499737739562988
0.10934734344482422
0.12494421005249023
0.1093757152557373
0.10937380790710449
0.12499284744262695
0.1249699592590332
0.12494373321533203
0.124969482421875
0.1249701976776123
0.12496805191040039
0.1249697208404541
0.10932016372680664
0.12496471405029297
0.12494397163391113
0.12499594688415527
0.124969482421875
0.10934710502624512
0.1249699592590332
0.12496781349182129
0.1249699592590332
0.1249690055847168
0.12497258186340332
0.12496781349182129
0.1249699592590332
0.12494349479675293
0.1249697208404541
0.124969482421875
