0.15401768684387207
0.1476438045501709
0.16455674171447754
0.16156816482543945
0.16258716583251953
0.14760756492614746
0.1525583267211914
0.1423053741455078
0.14842748641967773
0.15761971473693848
0.16058897972106934
0.15305113792419434
0.18892955780029297
0.1545107364654541
0.15527749061584473
0.15603017807006836
0.15744614601135254
0.15162038803100586
0.15100646018981934
0.15593767166137695
0.15275955200195312
0.15536856651306152
0.1538848876953125
0.1376209259033203
0.15103769302368164
0.15277695655822754
0.1523582935333252
0.15162277221679688
0.15066766738891602
0.15422344207763672
0.15169334411621094
0.15182042121887207
0.15760326385498047
0.14823174476623535
0.154679536819458
0.15723252296447754
0.1576066017150879
0.14139890670776367
0.13630962371826172
0.1525890827178955
0.15337872505187988
0.14966320991516113
0.1556110382080078
0.1526486873626709
0.15062832832336426
0.15008974075317383
0.15761494636535645
0.1526188850402832
0.14677643775939941
0.15286564826965332
0.15253019332885742
0.16164898872375488
0.13845348358154297
0.15703105926513672
0.15462231636047363
0.15459918975830078
0.15363621711730957
0.15581250190734863
0.15768909454345703
0.15584254264831543
0.15957188606262207
0.14882755279541016
0.15395760536193848
0.13826537132263184
0.15165424346923828
0.16206955909729004
0.1566638946533203
0.15821170806884766
0.1537923812866211
0.15078306198120117
0.1516132354736328
0.15589189529418945
0.1466367244720459
0.15657687187194824
0.15384125709533691
0.14251375198364258
0.13854146003723145
0.1481618881225586
0.1500701904296875
0.1489100456237793
0.14993929862976074
0.12630796432495117
0.14072060585021973
0.1455974578857422
0.1423351764678955
0.14962506294250488
0.14200973510742188
0.15356993675231934
