0.001008749008178711
0.0010051727294921875
0.0009698867797851562
0.0009975433349609375
0.0
0.004987239837646484
0.000997781753540039
0.0051081180572509766
0.0049991607666015625
0.0050313472747802734
0.0049893856048583984
0.0069811344146728516
0.0059871673583984375
0.005987405776977539
0.0009975433349609375
0.0012285709381103516
0.005005836486816406
0.0010008811950683594
0.00501561164855957
0.004987001419067383
0.00599217414855957
0.0050199031829833984
0.004984378814697266
0.0009975433349609375
0.005986213684082031
0.004986286163330078
0.004980802536010742
0.0009877681732177734
0.005497455596923828
0.005994558334350586
0.0049746036529541016
0.005983591079711914
0.00604557991027832
0.00099945068359375
0.000995635986328125
0.0051116943359375
0.005036830902099609
0.0059697628021240234
0.004844188690185547
0.004996538162231445
0.0
0.0009970664978027344
0.0010046958923339844
0.004988908767700195
0.0049896240234375
0.005994319915771484
0.004987955093383789
0.005986213684082031
0.004987001419067383
0.0009810924530029297
0.005926847457885742
0.000997304916381836
0.00540924072265625
0.005289793014526367
0.0010006427764892578
0.005981922149658203
0.0049746036529541016
0.0010004043579101562
0.004986763000488281
0.005986213684082031
0.005994081497192383
0.005995273590087891
0.004511117935180664
0.0010106563568115234
0.00099945068359375
0.00547027587890625
0.0009970664978027344
0.0059871673583984375
0.005969524383544922
0.005991935729980469
0.005560874938964844
0.0049860477447509766
0.005986928939819336
0.0010004043579101562
0.00497746467590332
0.004987001419067383
0.005984067916870117
0.005470991134643555
0.00595855712890625
0.005986452102661133
0.0046291351318359375
0.0009882450103759766
0.005984067916870117
0.004987478256225586
0.0009970664978027344
0.00599360466003418
0.0047168731689453125
0.00498652458190918
