mean = 0.0063335487268106234
0.006160707473754883
0.005905752182006836
0.006582269668579102
0.007693722134544736
0.007069007210109545
0.006417720214180324
0.0061023330688476565
0.005692214965820313
0.005937099456787109
0.006304788589477539
0.006423559188842774
0.006122045516967774
0.007557182312011719
0.006180429458618165
0.0062110996246337894
0.0062412071228027345
0.006297845840454101
0.0060648155212402344
0.0060402584075927735
0.006779898767885954
0.006110382080078125
0.006755155065785283
0.0061553955078125
0.005504837036132812
0.006041507720947265
0.006111078262329101
0.006094331741333009
0.00659229444420856
0.006026706695556641
0.008117023267244037
0.006067733764648438
0.006072816848754882
0.0063041305541992184
0.005929269790649414
0.00909879628349753
0.006289300918579101
0.006304264068603516
0.005655956268310547
0.0054523849487304685
0.0061035633087158205
0.0061351490020751945
0.005986528396606445
0.0067656973133916444
0.006636899450550909
0.006025133132934571
0.0060035896301269525
0.006304597854614258
0.006104755401611328
0.0063815842504086695
0.006646332533463188
0.006101207733154297
0.0064659595489501955
0.00601971667745839
0.006827437359353771
0.006184892654418945
0.006183967590332031
0.006145448684692383
0.0062325000762939444
0.006307563781738281
0.006233701705932617
0.00693790808967922
0.005953102111816406
0.006158304214477539
0.005530614852905273
0.006066169738769531
0.012466889161330003
0.006266555786132812
0.006328468322753906
0.006151695251464843
0.006031322479248047
0.006064529418945313
0.006235675811767578
0.00637550975965417
0.00626307487487793
0.006153650283813476
0.005700550079345703
0.005541658401489258
0.005926475524902344
0.0060028076171875005
0.006474349809729534
0.0059975719451904295
0.005491650622823964
0.005628824234008789
0.006330324255901834
0.006188485933386761
0.006505437519239343
0.006174336309018342
0.006142797470092774
