,time,speed,x_coordinate,y_coordinate
0,0.18046259880065918,0.03076460548247945,-10.000053405761719,-1309.0047607421875
1,0.22736859321594238,0.11568605601344628,-10.000128746032715,-1309.0120849609375
2,0.2752399444580078,0.1892709706763506,-10.000096321105957,-1309.027587890625
3,0.3161311149597168,0.23716988648318965,-10.000138282775879,-1309.049072265625
4,0.35602450370788574,0.30592465566588556,-10.00014877319336,-1309.0760498046875
5,0.39791274070739746,0.3755503296879965,-10.000081062316895,-1309.1103515625
6,0.43581151962280273,0.426061736641448,-10.000120162963867,-1309.1456298828125
7,0.4657135009765625,0.5141377595268187,-10.000158309936523,-1309.1790771484375
8,0.49464917182922363,0.579125797309419,-10.000100135803223,-1309.21142578125
9,0.5243325233459473,0.6280087759758987,-9.99996280670166,-1309.2406005859375
10,0.5580735206604004,0.6713155309164358,-9.999963760375977,-1309.2684326171875
11,0.591982364654541,0.7045769198151467,-10.000094413757324,-1309.2955322265625
12,0.6239602565765381,0.7531982332927694,-10.000154495239258,-1309.3231201171875
13,0.6578764915466309,0.7768913999269578,-10.000134468078613,-1309.3504638671875
14,0.6920676231384277,0.8126476956521289,-10.000007629394531,-1309.3782958984375
15,0.7220687866210938,0.8345249408967914,-9.999932289123535,-1309.4068603515625
16,0.7583529949188232,0.8679552858169604,-10.000044822692871,-1309.435302734375
17,0.7914795875549316,0.9062750797587987,-10.000152587890625,-1309.4649658203125
18,0.8228170871734619,0.9241143891153564,-10.000149726867676,-1309.49609375
19,0.8559103012084961,0.9521338303046551,-10.000003814697266,-1309.527099609375
20,0.8908584117889404,0.9717956976440457,-9.99991512298584,-1309.559326171875
21,0.922478199005127,1.0084290226406425,-10.000017166137695,-1309.592529296875
22,0.9576778411865234,1.0290880119557473,-10.000133514404297,-1309.6265869140625
23,0.99161696434021,1.0496470254703485,-10.000048637390137,-1309.662109375
24,1.026566982269287,1.0738637558184347,-9.999946594238281,-1309.697509765625
25,1.0605266094207764,1.100405186420027,-9.999963760375977,-1309.734619140625
26,1.0977857112884521,1.12898744190619,-10.000021934509277,-1309.77294921875
27,1.132072925567627,1.1426662791242777,-9.999995231628418,-1309.8126220703125
28,1.1654226779937744,1.176668480461997,-9.999991416931152,-1309.8531494140625
29,1.198967456817627,1.1941580566903478,-10.000004768371582,-1309.893310546875
30,1.2350244522094727,1.2042664289821159,-9.999985694885254,-1309.934814453125
31,1.2674894332885742,1.237216402901352,-10,-1309.9769287109375
32,1.3034119606018066,1.2509417106372318,-10.000038146972656,-1310.0191650390625
33,1.3372080326080322,1.265087282524112,-9.999995231628418,-1310.062744140625
34,1.3724162578582764,1.294903517407705,-9.999954223632812,-1310.1068115234375
35,1.406360387802124,1.3080448530662374,-9.999958992004395,-1310.1517333984375
36,1.4424567222595215,1.318460881705913,-9.99994945526123,-1310.197265625
37,1.475208044052124,1.3492641715567895,-9.999959945678711,-1310.2432861328125
38,1.5101141929626465,1.3676933903508923,-9.999977111816406,-1310.2900390625
39,1.544421911239624,1.3740754718675683,-9.999958038330078,-1310.337890625
40,1.5813541412353516,1.3991346430392084,-9.9999418258667,-1310.385009765625
41,1.6131458282470703,1.4145572008478957,-9.999919891357422,-1310.434814453125
42,1.649712324142456,1.4234545234059486,-9.999905586242676,-1310.4827880859375
43,1.6831943988800049,1.4383084248692193,-9.99991226196289,-1310.5322265625
44,1.7182707786560059,1.445406111704566,-9.999899864196777,-1310.5821533203125
45,1.7532265186309814,1.4696978939251388,-9.999911308288574,-1310.6331787109375
46,1.78739333152771,1.4874993777426648,-9.999900817871094,-1310.68408203125
47,1.8215439319610596,1.4897333426121921,-9.999898910522461,-1310.736083984375
48,1.8563587665557861,1.5076506215689618,-9.999911308288574,-1310.7872314453125
49,1.8907992839813232,1.5129608481741452,-9.999881744384766,-1310.839599609375
50,1.9258134365081787,1.5335015403041463,-9.999896049499512,-1310.892822265625
51,1.9601235389709473,1.5511138027844096,-9.999873161315918,-1310.9459228515625
52,1.9973511695861816,1.5486640540497298,-9.999856948852539,-1310.999267578125
53,2.034252166748047,1.5626379788273572,-9.999865531921387,-1311.0546875
54,2.0671796798706055,1.565773772094478,-9.999832153320312,-1311.109619140625
55,2.0998804569244385,1.5919831025580393,-9.999852180480957,-1311.1640625
56,2.1349098682403564,1.6035763698959704,-9.999795913696289,-1311.218994140625
57,2.1687827110290527,1.6072492848874986,-9.999786376953125,-1311.2740478515625
58,2.2037813663482666,1.6149852589648537,-9.999787330627441,-1311.3297119140625
59,2.23777174949646,1.6140865149816719,-9.99976634979248,-1311.385498046875
60,2.272721767425537,1.6345981359539183,-9.999788284301758,-1311.442626953125
61,2.3076655864715576,1.6356337446316496,-9.99973201751709,-1311.4991455078125
62,2.342683792114258,1.6560171569857307,-9.999772071838379,-1311.5557861328125
63,2.375897169113159,1.6618105417148308,-9.999735832214355,-1311.6129150390625
64,2.4109835624694824,1.6661560579611214,-9.999713897705078,-1311.6700439453125
65,2.4473226070404053,1.6774575591736427,-9.999685287475586,-1311.727783203125
66,2.4812140464782715,1.6754974771837199,-9.999639511108398,-1311.787353515625
67,2.514599323272705,1.6866799741905747,-9.999661445617676,-1311.8455810546875
68,2.5497004985809326,1.6894883853975382,-9.99960994720459,-1311.9039306640625
69,2.585481643676758,1.7088844987717802,-9.99964714050293,-1311.962646484375
70,2.619410753250122,1.7045012850257895,-9.99957275390625,-1312.0224609375
71,2.653611660003662,1.7245128437300135,-9.999598503112793,-1312.0814208984375
72,2.6885926723480225,1.7200813998321656,-9.999560356140137,-1312.140869140625
73,2.7235679626464844,1.7293222085463689,-9.999578475952148,-1312.2003173828125
74,2.757093667984009,1.7379789982890024,-9.999576568603516,-1312.2611083984375
75,2.792304277420044,1.7358782265302843,-9.999574661254883,-1312.32080078125
76,2.827380418777466,1.7504086953706495,-9.999608993530273,-1312.381103515625
77,2.8644022941589355,1.7458176548030286,-9.999568939208984,-1312.4412841796875
78,2.8973889350891113,1.7611692537024368,-9.999602317810059,-1312.503662109375
79,2.9301342964172363,1.7567215725446053,-9.999529838562012,-1312.565185546875
80,2.964625597000122,1.7715292288994233,-9.99958324432373,-1312.625244140625
81,2.9994072914123535,1.7696860688552793,-9.999537467956543,-1312.686279296875
82,3.034606456756592,1.7849232048717296,-9.999594688415527,-1312.7474365234375
83,3.068444013595581,1.7794871322313308,-9.999556541442871,-1312.80810546875
84,3.103389024734497,1.7950264716595268,-9.999574661254883,-1312.86962890625
85,3.1382954120635986,1.7896919483549123,-9.999554634094238,-1312.9315185546875
86,3.1723010540008545,1.8035671219283844,-9.99958610534668,-1312.993408203125
87,3.2063114643096924,1.8001829471977897,-9.999588012695312,-1313.056640625
88,3.2419872283935547,1.8089174034649012,-9.999597549438477,-1313.117919921875
89,3.275277853012085,1.8119182521037647,-9.999577522277832,-1313.1805419921875
90,3.3121774196624756,1.8153327010770657,-9.999584197998047,-1313.2430419921875
91,3.348134994506836,1.823272848474776,-9.999627113342285,-1313.305908203125
92,3.381397247314453,1.8238460211766137,-9.999632835388184,-1313.3704833984375
93,3.4154586791992188,1.8333609964447632,-9.999625205993652,-1313.43359375
94,3.4507155418395996,1.8320309392294283,-9.999612808227539,-1313.4967041015625
95,3.4829764366149902,1.8428511666033518,-9.999652862548828,-1313.5601806640625
96,3.518416404724121,1.839369695313318,-9.999690055847168,-1313.6236572265625
97,3.553006887435913,1.8510337095744884,-9.999753952026367,-1313.6873779296875
98,3.587031126022339,1.84777986202546,-9.999731063842773,-1313.7510986328125
99,3.6210498809814453,1.8588971627395152,-9.999734878540039,-1313.815185546875
100,3.6563520431518555,1.855884926421802,-9.999714851379395,-1313.8792724609375
101,3.691235303878784,1.8669411430045781,-9.999788284301758,-1313.943603515625
102,3.7262721061706543,1.8644710567145701,-9.999789237976074,-1314.0079345703125
103,3.759972333908081,1.8747625801222116,-9.9998140335083,-1314.073486328125
104,3.7963602542877197,1.872117858496505,-9.999796867370605,-1314.1380615234375
105,3.830028533935547,1.8817635855902632,-9.999859809875488,-1314.204833984375
106,3.8643059730529785,1.8790683342199137,-9.999876976013184,-1314.2696533203125
107,3.899440050125122,1.8887358199798099,-9.999917984008789,-1314.334716796875
108,3.9350714683532715,1.8858444649035064,-9.999922752380371,-1314.399658203125
109,3.9700257778167725,1.896010541676829,-9.999978065490723,-1314.4649658203125
110,4.005298852920532,1.8921789288875521,-10.000008583068848,-1314.5311279296875
111,4.039684772491455,1.9010606815172737,-10.000066757202148,-1314.5986328125
112,4.073318004608154,1.8998850928845936,-10.0000638961792,-1314.6640625
113,4.108374118804932,1.9074829163103038,-10.000070571899414,-1314.7298583984375
114,4.143453359603882,1.9067515065373861,-10.000060081481934,-1314.7965087890625
115,4.1823508739471436,1.9135056166626654,-10.000105857849121,-1314.862548828125
116,4.215118646621704,1.914256196589687,-10.000154495239258,-1314.931396484375
117,4.249778747558594,1.9178950017558398,-10.000192642211914,-1314.99755859375
118,4.2864744663238525,1.9200167689754541,-10.000228881835938,-1315.065673828125
119,4.321505069732666,1.9207815852114174,-10.000271797180176,-1315.134033203125
120,4.355506181716919,1.925870290993918,-10.000335693359375,-1315.2012939453125
121,4.3904125690460205,1.9251066639531844,-10.000348091125488,-1315.2689208984375
122,4.427061080932617,1.9326777852986665,-10.000368118286133,-1315.33642578125
123,4.4615092277526855,1.9297541559137785,-10.000374794006348,-1315.4041748046875
124,4.497478485107422,1.9379999473867662,-10.000450134277344,-1315.471923828125
125,4.533163785934448,1.9360315810171522,-10.000462532043457,-1315.540771484375
126,4.567666530609131,1.9467908995564527,-10.000490188598633,-1315.6097412109375
127,4.6045143604278564,1.944830460816104,-10.000499725341797,-1315.6787109375
128,4.638684988021851,1.9537744852749097,-10.000560760498047,-1315.746826171875
129,4.673681735992432,1.9494736377245745,-10.000600814819336,-1315.8160400390625
130,4.708414077758789,1.9579233886909746,-10.000670433044434,-1315.8843994140625
131,4.743304014205933,1.9557534369037477,-10.000692367553711,-1315.9527587890625
132,4.779358863830566,1.9638113167591962,-10.000760078430176,-1316.021240234375
133,4.814804792404175,1.9597329334918414,-10.000798225402832,-1316.091796875
134,4.847809076309204,1.9646509891942456,-10.00085163116455,-1316.1614990234375
135,4.882195472717285,1.9655957694378041,-10.000908851623535,-1316.229248046875
136,4.917282581329346,1.9677006789247202,-10.000954627990723,-1316.297119140625
137,4.9522716999053955,1.96993327890488,-10.001019477844238,-1316.365966796875
138,4.9872612953186035,1.9685230321863305,-10.001069068908691,-1316.43408203125
139,5.021324157714844,1.9748418420982141,-10.001114845275879,-1316.5030517578125
140,5.056278705596924,1.973194166132589,-10.001132011413574,-1316.5712890625
141,5.0921478271484375,1.9787762840218226,-10.001195907592773,-1316.6405029296875
142,5.1273040771484375,1.9753064954250652,-10.001235961914062,-1316.7098388671875
143,5.162628650665283,1.9843722687368068,-10.001328468322754,-1316.7781982421875
144,5.198179721832275,1.9821974613083277,-10.00139331817627,-1316.849609375
145,5.230366468429565,1.9923878532480543,-10.001497268676758,-1316.919189453125
146,5.26540470123291,1.9882414327185187,-10.001554489135742,-1316.98779296875
147,5.301425457000732,1.9954018472550514,-10.00161361694336,-1317.0565185546875
148,5.336461544036865,1.9931448264331504,-10.001612663269043,-1317.125244140625
149,5.370357513427734,1.9986587774657378,-10.001667976379395,-1317.195068359375
150,5.407201051712036,1.9970572244324283,-10.00171947479248,-1317.264892578125
151,5.441475868225098,1.9988645966242362,-10.001786231994629,-1317.3348388671875
152,5.476168870925903,2.0009778990625455,-10.001874923706055,-1317.4036865234375
153,5.5115461349487305,1.9993534880311967,-10.001946449279785,-1317.4737548828125
154,5.54773211479187,2.003854192822929,-10.00204086303711,-1317.5428466796875
155,5.5813305377960205,2.0011091279139235,-10.002098083496094,-1317.6151123046875
156,5.616467237472534,2.0064309641342044,-10.002182006835938,-1317.684326171875
157,5.651658773422241,2.005136281923197,-10.002219200134277,-1317.754638671875
158,5.687670707702637,2.013996275511359,-10.002338409423828,-1317.824951171875
159,5.721210241317749,2.0093940605170926,-10.002406120300293,-1317.894287109375
160,5.756206274032593,2.0186873156605487,-10.002477645874023,-1317.96484375
161,5.790788888931274,2.0138832403890903,-10.002504348754883,-1318.0343017578125
162,5.823941469192505,2.0204157719668827,-10.002591133117676,-1318.1048583984375
163,5.861981630325317,2.0189461462470577,-10.002685546875,-1318.1754150390625
164,5.896291732788086,2.01995563672083,-10.002778053283691,-1318.2452392578125
165,5.931185483932495,2.0230459124766482,-10.002857208251953,-1318.31591796875
166,5.96607518196106,2.019250877454664,-10.002894401550293,-1318.3876953125
167,5.998554944992065,2.0251656796012076,-10.002981185913086,-1318.45849609375
168,6.03619909286499,2.0217734177678266,-10.003043174743652,-1318.5283203125
169,6.070237159729004,2.027323240715158,-10.003174781799316,-1318.5992431640625
170,6.104259967803955,2.0260217376611553,-10.003257751464844,-1318.671142578125
171,6.140155553817749,2.0346020488227055,-10.003386497497559,-1318.7412109375
172,6.174484968185425,2.0291145516774565,-10.003456115722656,-1318.812255859375
173,6.2100043296813965,2.036922301387568,-10.003543853759766,-1318.8834228515625
174,6.249696731567383,2.0341605340893767,-10.003602027893066,-1318.9544677734375
175,6.541353702545166,2.034640903896509,-10.003690719604492,-1319.02783203125
176,6.577311277389526,2.0427712554843414,-10.004803657531738,-1319.6317138671875
177,6.613607168197632,2.037023444104757,-10.006672859191895,-1319.703125
178,6.646154165267944,2.0044452548198586,-10.010392189025879,-1319.77587890625
179,6.68087100982666,1.983964529658583,-10.016427993774414,-1319.8446044921875
180,6.714891195297241,1.959756163199575,-10.024438858032227,-1319.912109375
181,6.749035835266113,1.9427437659718692,-10.035231590270996,-1319.9786376953125
182,6.787045240402222,1.9124051700533724,-10.047874450683594,-1320.044921875
183,6.820072174072266,1.91007227929072,-10.063570022583008,-1320.1104736328125
184,6.854149103164673,1.8999531990013006,-10.080992698669434,-1320.174072265625
185,6.8897130489349365,1.8846863083277914,-10.10088062286377,-1320.2379150390625
186,6.925313949584961,1.8575673451585524,-10.122766494750977,-1320.299560546875
187,6.9593117237091064,1.8443983985348742,-10.146693229675293,-1320.3604736328125
188,6.996329069137573,1.8386668986528314,-10.172904968261719,-1320.4189453125
189,7.030084848403931,1.807318080449494,-10.202073097229004,-1320.4781494140625
190,7.065041780471802,1.8160056865551932,-10.232441902160645,-1320.5335693359375
191,7.0995237827301025,1.7875322843870125,-10.26508617401123,-1320.58837890625
192,7.138208627700806,1.7987198584868984,-10.30008602142334,-1320.641357421875
193,7.169795513153076,1.7802752357993277,-10.336441040039062,-1320.69189453125
194,7.202862501144409,1.7907540591618796,-10.37385368347168,-1320.7406005859375
195,7.239026069641113,1.783286530162489,-10.413636207580566,-1320.789306640625
196,7.273790597915649,1.7829820532030718,-10.454060554504395,-1320.836669921875
197,7.310031414031982,1.8244184115614384,-10.495452880859375,-1320.883544921875
198,7.344461917877197,1.7979634605938575,-10.53777027130127,-1320.929931640625
199,7.38052225112915,1.8022872609478018,-10.580885887145996,-1320.9764404296875
200,7.414358854293823,1.7888705501266138,-10.625197410583496,-1321.0220947265625
201,7.449949502944946,1.795163133825057,-10.669676780700684,-1321.0670166015625
202,7.483519792556763,1.8088864316652222,-10.714171409606934,-1321.10986328125
203,7.517617464065552,1.7995388689564495,-10.76037883758545,-1321.1529541015625
204,7.553591966629028,1.7845457486046836,-10.80684757232666,-1321.1949462890625
205,7.589880466461182,1.7953511838485128,-10.854111671447754,-1321.236572265625
206,7.624861240386963,1.7811100014851349,-10.902097702026367,-1321.276611328125
207,7.658567905426025,1.7889524203915355,-10.951197624206543,-1321.31689453125
208,7.693070888519287,1.7779963832583408,-11.000012397766113,-1321.3544921875
209,7.729894161224365,1.7847119802925153,-11.049935340881348,-1321.39208984375
210,7.76172137260437,1.7927513184794324,-11.100410461425781,-1321.428466796875
211,7.79805850982666,1.7766362810531533,-11.151975631713867,-1321.4639892578125
212,7.832395553588867,1.7701811957468274,-11.203011512756348,-1321.4979248046875
213,7.866828680038452,1.7849815105612,-11.254936218261719,-1321.5308837890625
214,7.904026031494141,1.7917332266665589,-11.308036804199219,-1321.5633544921875
215,7.935978174209595,1.7782037968246247,-11.361578941345215,-1321.5947265625
216,7.972017765045166,1.783444164267516,-11.415446281433105,-1321.624755859375
217,8.007725954055786,1.7774518627521962,-11.470154762268066,-1321.654052734375
218,8.041535377502441,1.778460722986282,-11.524544715881348,-1321.682373046875
219,8.07662034034729,1.7710880884707054,-11.580354690551758,-1321.709716796875
220,8.111953496932983,1.7668792049117445,-11.635652542114258,-1321.736083984375
221,8.146492719650269,1.7950967306888148,-11.693172454833984,-1321.76171875
222,8.1806480884552,1.7708548910969866,-11.74951171875,-1321.7857666015625
223,8.215927362442017,1.7574063130742328,-11.806914329528809,-1321.80908203125
224,8.250998258590698,1.7752048092699584,-11.864047050476074,-1321.831298828125
225,8.285435199737549,1.7722277478464539,-11.922308921813965,-1321.8525390625
226,8.317918062210083,1.7704412371758447,-11.97990608215332,-1321.8729248046875
227,8.354949712753296,1.7652688561537089,-12.038201332092285,-1321.8916015625
228,8.391003131866455,1.7737963617559087,-12.096549987792969,-1321.90966796875
229,8.425581455230713,1.7743087003199305,-12.155045509338379,-1321.9266357421875
230,8.460316181182861,1.75848683956924,-12.215079307556152,-1321.942626953125
231,8.494452714920044,1.7640327552660793,-12.274992942810059,-1321.9576416015625
232,8.530424356460571,1.7718132583052448,-12.33447265625,-1321.971435546875
233,8.562234163284302,1.7737880739928644,-12.395811080932617,-1321.9842529296875
234,8.596519231796265,1.758917533054499,-12.455479621887207,-1321.995849609375
235,8.630156517028809,1.7802139452714882,-12.51579475402832,-1322.0062255859375
236,8.664549827575684,1.7578963048859204,-12.575896263122559,-1322.0155029296875
237,8.700754165649414,1.761959399632274,-12.635344505310059,-1322.02392578125
238,8.734167337417603,1.7562897442880139,-12.695789337158203,-1322.0311279296875
239,8.769283771514893,1.7618938375139575,-12.756239891052246,-1322.0374755859375
240,8.802339315414429,1.7697939030322172,-12.815874099731445,-1322.04248046875
241,8.837348461151123,1.761636907325671,-12.876694679260254,-1322.0465087890625
242,8.874858379364014,1.758678925232933,-12.937331199645996,-1322.0494384765625
243,8.909875869750977,1.7683831927791016,-12.9990234375,-1322.051513671875
244,8.946340799331665,1.7548046569203262,-13.061521530151367,-1322.0521240234375
245,8.982311964035034,1.761457923987965,-13.124853134155273,-1322.05224609375
246,9.01718020439148,1.7556401718007275,-13.187432289123535,-1322.0504150390625
247,9.050364017486572,1.7696409235349888,-13.248954772949219,-1322.048095703125
248,9.087164163589478,1.77072146421375,-13.311173439025879,-1322.04443359375
249,9.122233867645264,1.7516624185003093,-13.372847557067871,-1322.0396728515625
250,9.15639591217041,1.754671818972843,-13.434808731079102,-1322.0338134765625
251,9.19165325164795,1.7591168051399058,-13.496052742004395,-1322.027099609375
252,9.229088544845581,1.7591260750025122,-13.55688762664795,-1322.018798828125
253,9.262510061264038,1.749635858797209,-13.619318962097168,-1322.0096435546875
254,9.29866099357605,1.7672865345724431,-13.680991172790527,-1321.9990234375
255,9.332887411117554,1.7522363276888895,-13.741249084472656,-1321.9874267578125
256,9.367389917373657,1.7539036374943362,-13.801432609558105,-1321.9752197265625
257,9.401868104934692,1.73985439685949,-13.860523223876953,-1321.9619140625
258,9.435929536819458,1.7580047928896654,-13.920162200927734,-1321.947509765625
259,9.471421003341675,1.764345311652465,-13.978660583496094,-1321.9322509765625
260,9.50640606880188,1.7473854565223597,-14.037872314453125,-1321.9154052734375
261,9.54050326347351,1.7518671668337091,-14.09567642211914,-1321.8978271484375
262,9.574814558029175,1.7623971725996226,-14.153374671936035,-1321.879638671875
263,9.612142324447632,1.7332174573931116,-14.211368560791016,-1321.85986328125
264,9.646225929260254,1.7473761744619591,-14.26993465423584,-1321.839111328125
265,9.68045425415039,1.7606189234162437,-14.327237129211426,-1321.8170166015625
266,9.712230443954468,1.754927646251534,-14.382533073425293,-1321.7950439453125
267,9.748251676559448,1.752617583608474,-14.437251091003418,-1321.77197265625
268,9.782220840454102,1.7613010849938993,-14.492853164672852,-1321.7474365234375
269,9.816364765167236,1.74435002242004,-14.547464370727539,-1321.7220458984375
270,9.850285291671753,1.7446730131154662,-14.601215362548828,-1321.6964111328125
271,9.88424563407898,1.745387050906359,-14.654930114746094,-1321.669189453125
272,9.9164297580719,1.7333013432451152,-14.708380699157715,-1321.641357421875
273,9.95353102684021,1.7593979419226755,-14.76027774810791,-1321.6126708984375
274,9.985493898391724,1.745117593980213,-14.8119478225708,-1321.5828857421875
275,10.020500421524048,1.7543479682125949,-14.86279296875,-1321.552490234375
276,10.05345630645752,1.7498603987743007,-14.913416862487793,-1321.5213623046875
277,10.087542057037354,1.7482071913287809,-14.963191986083984,-1321.489013671875
278,10.12244701385498,1.7482529314017532,-15.012730598449707,-1321.456298828125
279,10.15720510482788,1.7450742944954227,-15.062151908874512,-1321.421630859375
280,10.191113948822021,1.7368395885948873,-15.110392570495605,-1321.386962890625
281,10.22547960281372,1.7523515286599167,-15.157898902893066,-1321.3515625
282,10.261721849441528,1.7406832780002752,-15.204977035522461,-1321.315185546875
283,10.295342206954956,1.7453370622663282,-15.252467155456543,-1321.27685546875
284,10.32829236984253,1.7598961892546918,-15.298989295959473,-1321.238525390625
285,10.362634897232056,1.739322274447931,-15.34438419342041,-1321.198974609375
286,10.397112369537354,1.7329029477024516,-15.388115882873535,-1321.16015625
287,10.430133819580078,1.7567260251683385,-15.432254791259766,-1321.119384765625
288,10.464390277862549,1.7354355120854552,-15.475187301635742,-1321.0782470703125
289,10.499182939529419,1.7385517239341002,-15.517230987548828,-1321.0367431640625
290,10.534230470657349,1.7409211661013528,-15.558852195739746,-1320.994384765625
291,10.567415237426758,1.7471566405495156,-15.599360466003418,-1320.951171875
292,10.601699352264404,1.7333115516172475,-15.640010833740234,-1320.9071044921875
293,10.636790752410889,1.7569378828650102,-15.679041862487793,-1320.8623046875
294,10.672692060470581,1.7359484334727417,-15.717299461364746,-1320.817138671875
295,10.704627275466919,1.7317316145661967,-15.755470275878906,-1320.770751953125
296,10.73955488204956,1.737447427727031,-15.792742729187012,-1320.7235107421875
297,10.772268295288086,1.7419197456598543,-15.829081535339355,-1320.67578125
298,10.80831527709961,1.7342304795997945,-15.86431884765625,-1320.6282958984375
299,10.84467101097107,1.7445432910479814,-15.89840030670166,-1320.57958984375
300,10.878313302993774,1.7466824090017472,-15.933209419250488,-1320.5286865234375
301,10.911321640014648,1.7435987666131663,-15.966279983520508,-1320.4786376953125
302,10.948377847671509,1.7388408843382752,-15.998268127441406,-1320.4276123046875
303,10.980171918869019,1.7424669537976356,-16.029125213623047,-1320.3773193359375
304,11.014235019683838,1.7307424647142158,-16.0592098236084,-1320.3262939453125
305,11.04926085472107,1.7379030182041924,-16.08818244934082,-1320.2747802734375
306,11.083244562149048,1.7271771391952357,-16.11638832092285,-1320.222900390625
307,11.116292715072632,1.751462127202108,-16.14403533935547,-1320.1695556640625
308,11.153238296508789,1.7285137307933653,-16.170459747314453,-1320.11572265625
309,11.189275026321411,1.7503029633985896,-16.19671058654785,-1320.0609130859375
310,11.22328233718872,1.7358619734681606,-16.221357345581055,-1320.0062255859375
311,11.257299900054932,1.734048441635482,-16.245515823364258,-1319.950439453125
312,11.296919822692871,1.7350607050197455,-16.268978118896484,-1319.8936767578125
313,11.330903053283691,1.7389176368111185,-16.29137420654297,-1319.8359375
314,11.3650541305542,1.7360255103996263,-16.312255859375,-1319.779052734375
315,11.402725458145142,1.7388664140914045,-16.332937240600586,-1319.7208251953125
316,11.436732292175293,1.742590641510429,-16.352005004882812,-1319.6622314453125
317,11.472762823104858,1.734316553836689,-16.370513916015625,-1319.6036376953125
318,11.511818170547485,1.7354627746421245,-16.387813568115234,-1319.54345703125
319,11.545607566833496,1.7235042462648373,-16.404687881469727,-1319.4814453125
320,11.584139585494995,1.738758502203223,-16.419788360595703,-1319.4210205078125
321,11.620509147644043,1.7409195516670515,-16.43397331237793,-1319.3599853515625
322,11.655702352523804,1.7330830802482826,-16.447036743164062,-1319.2982177734375
323,11.694827556610107,1.7265971252348997,-16.45928382873535,-1319.236083984375
324,11.729689121246338,1.7284517242933775,-16.47035026550293,-1319.1719970703125
325,11.767314910888672,1.7273796966649673,-16.48023796081543,-1319.109619140625
326,11.805638074874878,1.7591664435306469,-16.488801956176758,-1319.0467529296875