,time,speed,x_coordinate,y_coordinate
0,0.10801005363464355,0.03233161908464638,-10.000068664550781,-1309.005126953125
1,0.15428733825683594,0.11888761357880107,-10.000110626220703,-1309.0125732421875
2,0.19714665412902832,0.19109481879219617,-10.000162124633789,-1309.0283203125
3,0.23704028129577637,0.23894362968457833,-10.000110626220703,-1309.0499267578125
4,0.276932954788208,0.3073739811515181,-10.0001220703125,-1309.0771484375
5,0.31682753562927246,0.3766606451404339,-10.000086784362793,-1309.1116943359375
6,0.34973883628845215,0.42487389150610416,-10.000120162963867,-1309.1453857421875
7,0.38065505027770996,0.506382448358074,-10.00014591217041,-1309.1766357421875
8,0.4125699996948242,0.5765690024126849,-10.000106811523438,-1309.2069091796875
9,0.44165587425231934,0.615733620694843,-9.999979972839355,-1309.23486328125
10,0.4745676517486572,0.6643785614366872,-9.999960899353027,-1309.261474609375
11,0.507695198059082,0.690096614655912,-10.000067710876465,-1309.2879638671875
12,0.5411934852600098,0.7349304048863334,-10.000141143798828,-1309.3143310546875
13,0.5761697292327881,0.7698191729592355,-10.000136375427246,-1309.3411865234375
14,0.6091101169586182,0.7987890833675027,-10.00006103515625,-1309.3685302734375
15,0.6424014568328857,0.8318252390299862,-9.999935150146484,-1309.396728515625
16,0.6773931980133057,0.8504215816330907,-9.999968528747559,-1309.42529296875
17,0.7113311290740967,0.8917008414550224,-10.000081062316895,-1309.4544677734375
18,0.7433202266693115,0.9138240219989233,-10.000118255615234,-1309.48486328125
19,0.7750329971313477,0.9457136436737589,-10.000025749206543,-1309.5164794921875
20,0.809232234954834,0.9651066074545238,-9.99992561340332,-1309.54833984375
21,0.8432385921478271,0.9988449662456358,-9.999988555908203,-1309.5811767578125
22,0.8762924671173096,1.0182434491057284,-10.000107765197754,-1309.614990234375
23,0.9117550849914551,1.0480192320023807,-10.000092506408691,-1309.649658203125
24,0.9466958045959473,1.061854813156669,-9.99996566772461,-1309.6854248046875
25,0.9816105365753174,1.0992882311736962,-9.99995231628418,-1309.7227783203125
26,1.0171630382537842,1.1181189279857413,-9.999996185302734,-1309.7608642578125
27,1.053100347518921,1.1332334294721984,-9.999985694885254,-1309.8009033203125
28,1.0871050357818604,1.165824236395429,-9.999955177307129,-1309.841064453125
29,1.122189998626709,1.1819104354280694,-9.999972343444824,-1309.8822021484375
30,1.1595008373260498,1.2025067980257433,-9.999961853027344,-1309.924072265625
31,1.193058967590332,1.226210261909477,-9.999960899353027,-1309.966552734375
32,1.2270474433898926,1.2447578153306293,-9.999990463256836,-1310.0098876953125
33,1.2626841068267822,1.2636941138287001,-9.999969482421875,-1310.053955078125
34,1.298147201538086,1.2861392428300176,-9.999933242797852,-1310.0985107421875
35,1.3351380825042725,1.3017483588849101,-9.999940872192383,-1310.14404296875
36,1.369140863418579,1.3180891437365823,-9.999937057495117,-1310.1915283203125
37,1.4033949375152588,1.3462051223350322,-9.999943733215332,-1310.2381591796875
38,1.4395477771759033,1.3614146523723933,-9.999953269958496,-1310.2855224609375
39,1.474454641342163,1.370127136024693,-9.999946594238281,-1310.3333740234375
40,1.5095391273498535,1.3987345611342226,-9.999943733215332,-1310.382568359375
41,1.5437097549438477,1.4164980664665563,-9.999946594238281,-1310.4317626953125
42,1.578791856765747,1.4232016837561554,-9.999921798706055,-1310.48046875
43,1.6135380268096924,1.4384315242575232,-9.999900817871094,-1310.5313720703125
44,1.6504852771759033,1.4460797529978051,-9.999868392944336,-1310.581298828125
45,1.686509609222412,1.4704387942178268,-9.999892234802246,-1310.634521484375
46,1.7214157581329346,1.4890280809743737,-9.999892234802246,-1310.6861572265625
47,1.7552855014801025,1.4918109396287775,-9.999870300292969,-1310.7381591796875
48,1.7904255390167236,1.5071372379101515,-9.999849319458008,-1310.79150390625
49,1.825352430343628,1.5122487515177239,-9.999809265136719,-1310.8438720703125
50,1.8605425357818604,1.5347305205247384,-9.999847412109375,-1310.8970947265625
51,1.8955233097076416,1.5530798242123518,-9.999842643737793,-1310.950927734375
52,1.9321372509002686,1.5533986151160657,-9.999829292297363,-1311.0050048828125
53,1.96799635887146,1.5635528893105324,-9.999811172485352,-1311.0604248046875
54,2.0029282569885254,1.5659399532327194,-9.999776840209961,-1311.115478515625
55,2.0389435291290283,1.5927115799970868,-9.999811172485352,-1311.171630859375
56,2.072782516479492,1.5977063298604823,-9.99976634979248,-1311.2275390625
57,2.1066925525665283,1.610495085339386,-9.999761581420898,-1311.2843017578125
58,2.142133951187134,1.6259102472414102,-9.999731063842773,-1311.3408203125
59,2.17716646194458,1.622395190418354,-9.999725341796875,-1311.3974609375
60,2.213148355484009,1.631362583218406,-9.99974536895752,-1311.4554443359375
61,2.2480056285858154,1.6346942992283144,-9.999699592590332,-1311.5128173828125
62,2.2841293811798096,1.6576307406182413,-9.999703407287598,-1311.5712890625
63,2.3190226554870605,1.6559971851320139,-9.999627113342285,-1311.6309814453125
64,2.352189540863037,1.67641298867547,-9.99966049194336,-1311.6890869140625
65,2.3869950771331787,1.678261395535292,-9.999615669250488,-1311.7469482421875
66,2.4217095375061035,1.6851834147222076,-9.999601364135742,-1311.8056640625
67,2.4561898708343506,1.6984407739389706,-9.999573707580566,-1311.864013671875
68,2.4908559322357178,1.6936481967464947,-9.999551773071289,-1311.9232177734375
69,2.5261266231536865,1.7056820097313652,-9.99959945678711,-1311.9820556640625
70,2.560565233230591,1.7037716428383165,-9.999547958374023,-1312.041748046875
71,2.5970723628997803,1.7200248047417144,-9.999542236328125,-1312.1009521484375
72,2.6298046112060547,1.7218948618138927,-9.999443054199219,-1312.1612548828125
73,2.6669116020202637,1.7391625999102047,-9.99949836730957,-1312.2208251953125
74,2.7017970085144043,1.7334057358972694,-9.999491691589355,-1312.282470703125
75,2.734941005706787,1.7515112807460407,-9.999534606933594,-1312.3433837890625
76,2.769874334335327,1.7459409629436353,-9.999481201171875,-1312.40380859375
77,2.8046157360076904,1.7569148103101473,-9.999488830566406,-1312.4649658203125
78,2.8404035568237305,1.7613218725173583,-9.999494552612305,-1312.5257568359375
79,2.875309944152832,1.763829098568381,-9.999495506286621,-1312.5872802734375
80,2.909219980239868,1.776350692626502,-9.999523162841797,-1312.6484375
81,2.943742513656616,1.7719500771498162,-9.999484062194824,-1312.71044921875
82,2.9782838821411133,1.7882816314499332,-9.999512672424316,-1312.77197265625
83,3.0131869316101074,1.7810256155982234,-9.999470710754395,-1312.8343505859375
84,3.0501928329467773,1.7987096555673887,-9.99954605102539,-1312.896240234375
85,3.0825202465057373,1.7914424753727125,-9.999539375305176,-1312.9608154296875
86,3.118450880050659,1.806887271437543,-9.999601364135742,-1313.02294921875
87,3.1543025970458984,1.8013308089956475,-9.999566078186035,-1313.085205078125
88,3.1883230209350586,1.8156176330807705,-9.999591827392578,-1313.1485595703125
89,3.2259817123413086,1.8123880638816867,-9.999565124511719,-1313.212158203125
90,3.2599174976348877,1.8240595412824954,-9.99960994720459,-1313.2757568359375
91,3.293971061706543,1.8223022417554635,-9.999582290649414,-1313.338623046875
92,3.328188180923462,1.8328445337759474,-9.999588012695312,-1313.4024658203125
93,3.3641207218170166,1.8328058268530825,-9.999537467956543,-1313.466552734375
94,3.4010965824127197,1.8417533908606671,-9.999580383300781,-1313.5308837890625
95,3.4350719451904297,1.8421045132038976,-9.99958610534668,-1313.59716796875
96,3.468980073928833,1.8498058385095066,-9.999641418457031,-1313.66259765625
97,3.503026008605957,1.8516743082363185,-9.999632835388184,-1313.7264404296875
98,3.53790283203125,1.8587879827076095,-9.999672889709473,-1313.790283203125
99,3.5728683471679688,1.8578447170073151,-9.999652862548828,-1313.8543701171875
100,3.607800006866455,1.8661578121211746,-9.999662399291992,-1313.91943359375
101,3.64292049407959,1.8654078345979226,-9.999638557434082,-1313.9837646484375
102,3.677335023880005,1.8735560145808596,-9.999683380126953,-1314.049072265625
103,3.712651491165161,1.8725257932312864,-9.99971866607666,-1314.1146240234375
104,3.746093511581421,1.881504617455727,-9.999773025512695,-1314.18017578125
105,3.784135103225708,1.8795808962225213,-9.999778747558594,-1314.2449951171875
106,3.816236972808838,1.889547742466782,-9.999818801879883,-1314.311767578125
107,3.852240562438965,1.886975528634305,-9.999829292297363,-1314.3778076171875
108,3.8873374462127686,1.896318588399025,-9.999869346618652,-1314.4429931640625
109,3.92315411567688,1.8928903369057577,-9.999863624572754,-1314.50927734375
110,3.9581284523010254,1.9025380976344142,-9.999897956848145,-1314.5755615234375
111,3.994309186935425,1.8979512466203727,-9.999895095825195,-1314.64208984375
112,4.029292583465576,1.9073974310980284,-9.999945640563965,-1314.7095947265625
113,4.0647852420806885,1.9039789749256446,-9.999939918518066,-1314.7762451171875
114,4.100180625915527,1.913664545481293,-9.999977111816406,-1314.843994140625
115,4.134347915649414,1.91119790777237,-9.999958992004395,-1314.911865234375
116,4.16982102394104,1.9208816230883827,-10.000011444091797,-1314.9798583984375
117,4.206189393997192,1.9171200963306054,-10.000041961669922,-1315.0469970703125
118,4.241112947463989,1.9255215436371909,-10.000118255615234,-1315.115234375
119,4.275940418243408,1.9217860316382096,-10.000128746032715,-1315.1824951171875
120,4.31097412109375,1.9294390745353722,-10.000146865844727,-1315.25
121,4.345566749572754,1.9296709515084862,-10.00014877319336,-1315.3175048828125
122,4.380697965621948,1.934224159176622,-10.000192642211914,-1315.38525390625
123,4.416103363037109,1.9362580333710355,-10.000250816345215,-1315.453857421875
124,4.451394081115723,1.9350570005066106,-10.00030517578125,-1315.522705078125
125,4.4861907958984375,1.94126193262316,-10.000354766845703,-1315.590576171875
126,4.5243377685546875,1.940166948871307,-10.000367164611816,-1315.65966796875
127,4.5592451095581055,1.9477453706746142,-10.000406265258789,-1315.7276611328125
128,4.591425895690918,1.9439293104243032,-10.000431060791016,-1315.7958984375
129,4.626485109329224,1.9535892027489679,-10.00049877166748,-1315.8641357421875
130,4.661351919174194,1.9502272405300392,-10.000508308410645,-1315.9326171875
131,4.695990800857544,1.9608496300698943,-10.000547409057617,-1316
132,4.730767011642456,1.9571128155785755,-10.000576972961426,-1316.0684814453125
133,4.766274690628052,1.9670798496500166,-10.000659942626953,-1316.1370849609375
134,4.800130128860474,1.9630653005413987,-10.000725746154785,-1316.205810546875
135,4.8368377685546875,1.9700670674855614,-10.000821113586426,-1316.2745361328125
136,4.870055198669434,1.967950780794263,-10.00086498260498,-1316.3433837890625
137,4.9047651290893555,1.9747185180371185,-10.000923156738281,-1316.411376953125
138,4.939876556396484,1.9727036147214645,-10.000937461853027,-1316.479248046875
139,4.975004196166992,1.9762318132506913,-10.000998497009277,-1316.5484619140625
140,5.009511232376099,1.9768770222042626,-10.001068115234375,-1316.6175537109375
141,5.044859170913696,1.9787704639356176,-10.001121520996094,-1316.685791015625
142,5.079418659210205,1.9812225332467817,-10.001178741455078,-1316.7550048828125
143,5.113720178604126,1.9795858912985402,-10.001218795776367,-1316.8243408203125
144,5.14990496635437,1.9859163982304207,-10.001283645629883,-1316.893798828125
145,5.1837687492370605,1.982453669871211,-10.00130844116211,-1316.96435546875
146,5.218724489212036,1.9891784432172661,-10.00136947631836,-1317.032958984375
147,5.253932237625122,1.986439988636709,-10.001395225524902,-1317.1016845703125
148,5.287914514541626,1.994941920261012,-10.001500129699707,-1317.17138671875
149,5.323723793029785,1.9917588357283298,-10.00156307220459,-1317.2401123046875
150,5.358211994171143,2.001861514411989,-10.001646995544434,-1317.3099365234375
151,5.393221378326416,1.9977516501786299,-10.001699447631836,-1317.3787841796875
152,5.427255392074585,2.0053040989142032,-10.001799583435059,-1317.4488525390625
153,5.46193265914917,2.003894278479458,-10.00185489654541,-1317.517822265625
154,5.499998092651367,2.0068512093078588,-10.001931190490723,-1317.5880126953125
155,5.533332824707031,2.007394545278916,-10.00200366973877,-1317.66015625
156,5.566221237182617,2.0066920817301575,-10.002067565917969,-1317.73046875
157,5.602252006530762,2.0103031184652296,-10.002158164978027,-1317.7996826171875
158,5.637229919433594,2.007601036410009,-10.002222061157227,-1317.8690185546875
159,5.672250747680664,2.013656160961874,-10.002311706542969,-1317.9383544921875
160,5.705205917358398,2.010484566926457,-10.002349853515625,-1318.0089111328125
161,5.740936994552612,2.01633676030631,-10.002424240112305,-1318.078369140625
162,5.7761805057525635,2.0152171125860967,-10.002455711364746,-1318.14794921875
163,5.813387870788574,2.02351171261483,-10.002553939819336,-1318.2176513671875
164,5.846087694168091,2.0178990443651297,-10.002626419067383,-1318.288330078125
165,5.880527496337891,2.02689826461732,-10.002731323242188,-1318.359130859375
166,5.916017055511475,2.024539057941593,-10.002809524536133,-1318.429931640625
167,5.951373815536499,2.0261622008481672,-10.002913475036621,-1318.5018310546875
168,5.98537802696228,2.0286746904803095,-10.003003120422363,-1318.5726318359375
169,6.020338296890259,2.0255887073237364,-10.003067016601562,-1318.642578125
170,6.054330348968506,2.029174237390786,-10.003169059753418,-1318.7125244140625
171,6.08930230140686,2.0260295450349477,-10.003254890441895,-1318.7835693359375
172,6.124250411987305,2.0318071292562547,-10.00334644317627,-1318.8546142578125
173,6.160107374191284,2.0306324420132995,-10.003371238708496,-1318.9246826171875
174,6.195120573043823,2.037507772177442,-10.003469467163086,-1318.995849609375
175,6.490814447402954,2.0331204814640795,-10.003543853759766,-1319.0670166015625
176,6.524828910827637,2.04551734805577,-10.004770278930664,-1319.6710205078125
177,6.559805154800415,2.0391524086006148,-10.006638526916504,-1319.742431640625
178,6.594671964645386,2.0144612772590764,-10.010671615600586,-1319.812255859375
179,6.629163026809692,1.9745838550197508,-10.016544342041016,-1319.8819580078125
180,6.666873931884766,1.959855742533615,-10.024839401245117,-1319.949462890625
181,6.699746608734131,1.921503721709903,-10.035624504089355,-1320.0186767578125
182,6.7362823486328125,1.9226383880248998,-10.0485258102417,-1320.084228515625
183,6.7704455852508545,1.8979636869752246,-10.064095497131348,-1320.1500244140625
184,6.804129600524902,1.906920672440697,-10.081642150878906,-1320.2147216796875
185,6.8380749225616455,1.8834552519388366,-10.10195541381836,-1320.2774658203125
186,6.8732945919036865,1.868628703217753,-10.123238563537598,-1320.3389892578125
187,6.907702922821045,1.852435263674836,-10.14761734008789,-1320.39990234375
188,6.942701578140259,1.8283261390673191,-10.1735200881958,-1320.4583740234375
189,6.977510690689087,1.8147351305850266,-10.201716423034668,-1320.51513671875
190,7.012610673904419,1.7993915949452648,-10.232833862304688,-1320.5714111328125
191,7.051913499832153,1.807867720219615,-10.264877319335938,-1320.6253662109375
192,7.082686185836792,1.7992582554430558,-10.300904273986816,-1320.6800537109375
193,7.119711875915527,1.7831400146425849,-10.337285041809082,-1320.731201171875
194,7.152578115463257,1.787616444192251,-10.375471115112305,-1320.780029296875
195,7.187744379043579,1.7716839164095395,-10.41436767578125,-1320.8280029296875
196,7.221800327301025,1.8211888036064616,-10.455023765563965,-1320.8758544921875
197,7.2552502155303955,1.77499005682624,-10.496054649353027,-1320.9224853515625
198,7.291285753250122,1.817968836120814,-10.537714958190918,-1320.968505859375
199,7.326002359390259,1.7924283007204196,-10.58084774017334,-1321.014892578125
200,7.361009836196899,1.8162134147404871,-10.623970031738281,-1321.0594482421875
201,7.3946692943573,1.786782316987409,-10.668139457702637,-1321.1041259765625
202,7.431365489959717,1.799658452325811,-10.713547706604004,-1321.147705078125
203,7.465299129486084,1.785846746429384,-10.75998306274414,-1321.191162109375
204,7.500394344329834,1.8108182719546764,-10.805887222290039,-1321.2327880859375
205,7.534463405609131,1.7868981381193914,-10.85330581665039,-1321.2740478515625
206,7.571399450302124,1.7985759983312075,-10.900435447692871,-1321.31396484375
207,7.605276346206665,1.7862384832939906,-10.949384689331055,-1321.3533935546875
208,7.64226508140564,1.7867395196716416,-10.998472213745117,-1321.3919677734375
209,7.675271272659302,1.780605426199412,-11.048298835754395,-1321.429443359375
210,7.709535598754883,1.7835992074314104,-11.09825611114502,-1321.4654541015625
211,7.74426794052124,1.7722883318991203,-11.149531364440918,-1321.500732421875
212,7.779277801513672,1.7928250831625954,-11.200756072998047,-1321.5347900390625
213,7.817025423049927,1.7719389731267587,-11.253464698791504,-1321.5679931640625
214,7.850111484527588,1.7695348013098506,-11.30713939666748,-1321.6011962890625
215,7.883156776428223,1.7878386955469974,-11.361749649047852,-1321.633056640625
216,7.919243812561035,1.7709605750875632,-11.415327072143555,-1321.6630859375
217,7.953311920166016,1.7951832220717598,-11.469319343566895,-1321.6922607421875
218,7.987367868423462,1.7771623145300481,-11.523969650268555,-1321.720458984375
219,8.021946668624878,1.7746608042146574,-11.578890800476074,-1321.7476806640625
220,8.057355403900146,1.7799513139150163,-11.634037017822266,-1321.7740478515625
221,8.090418815612793,1.7764866392614826,-11.6899995803833,-1321.7991943359375
222,8.125229358673096,1.7690146235491877,-11.746030807495117,-1321.8233642578125
223,8.160512447357178,1.7841396759146833,-11.801946640014648,-1321.84619140625
224,8.194046020507812,1.7775516974519812,-11.859938621520996,-1321.8685302734375
225,8.229021310806274,1.7763915324260962,-11.916341781616211,-1321.8895263671875
226,8.266905069351196,1.770453105578943,-11.975179672241211,-1321.909912109375
227,8.298602104187012,1.7701524415804966,-12.034781455993652,-1321.9296875
228,8.333749771118164,1.768655209167905,-12.092096328735352,-1321.9473876953125
229,8.369152545928955,1.7673283936168216,-12.150866508483887,-1321.9644775390625
230,8.402318239212036,1.760709954340745,-12.20972728729248,-1321.9803466796875
231,8.437959432601929,1.7881423183927148,-12.268898963928223,-1321.9954833984375
232,8.472031593322754,1.763199968894478,-12.328315734863281,-1322.009033203125
233,8.505991220474243,1.7471114486948227,-12.388775825500488,-1322.022216796875
234,8.53920292854309,1.7711629636050301,-12.447670936584473,-1322.0335693359375
235,8.574481964111328,1.7614473693603447,-12.507790565490723,-1322.0440673828125
236,8.608865022659302,1.760329575095395,-12.567733764648438,-1322.053466796875
237,8.64328122138977,1.7686256700396012,-12.62824535369873,-1322.0618896484375
238,8.677168846130371,1.774031309576623,-12.687687873840332,-1322.0689697265625
239,8.711966037750244,1.7601995624666982,-12.748120307922363,-1322.07568359375
240,8.747942209243774,1.7601149751188065,-12.808890342712402,-1322.0806884765625
241,8.78195595741272,1.7557708647673276,-12.871155738830566,-1322.085205078125
242,8.818368434906006,1.762939636981975,-12.931819915771484,-1322.08837890625
243,8.853752136230469,1.7591139379957317,-12.992660522460938,-1322.09033203125
244,8.889908790588379,1.7605877183116758,-13.055066108703613,-1322.09130859375
245,8.925972938537598,1.768665300202255,-13.117695808410645,-1322.0911865234375
246,8.961035013198853,1.758592966909814,-13.180068016052246,-1322.0897216796875
247,8.995023965835571,1.7433063014057442,-13.24148941040039,-1322.0875244140625
248,9.032218933105469,1.760932523509857,-13.303897857666016,-1322.083984375
249,9.065139532089233,1.7532069734451259,-13.366944313049316,-1322.0791015625
250,9.099854230880737,1.7719682611723435,-13.428237915039062,-1322.073486328125
251,9.135222434997559,1.7520347188936765,-13.489370346069336,-1322.0665283203125
252,9.170508623123169,1.753795046212996,-13.550453186035156,-1322.0589599609375
253,9.206189632415771,1.757846413060888,-13.611149787902832,-1322.050048828125
254,9.240143299102783,1.7504993926433607,-13.671927452087402,-1322.0399169921875
255,9.275898933410645,1.7551768679638404,-13.732101440429688,-1322.02880859375
256,9.309461116790771,1.7537640967615447,-13.792495727539062,-1322.0166015625
257,9.344367980957031,1.7658029550221959,-13.852272987365723,-1322.003173828125
258,9.38211965560913,1.7597486633486001,-13.911176681518555,-1321.9893798828125
259,9.415475845336914,1.7464155998088884,-13.971517562866211,-1321.973388671875
260,9.448873519897461,1.7467003614909673,-14.03056812286377,-1321.9571533203125
261,9.483401536941528,1.761821499927374,-14.088443756103516,-1321.93994140625
262,9.51813793182373,1.7456477973750621,-14.146159172058105,-1321.921630859375
263,9.553202152252197,1.7479088585747544,-14.2033109664917,-1321.90234375
264,9.587181806564331,1.7684708221487266,-14.260401725769043,-1321.88232421875
265,9.622013330459595,1.7460676654998333,-14.316816329956055,-1321.8607177734375
266,9.655993938446045,1.7458826348271235,-14.372236251831055,-1321.8389892578125
267,9.69029426574707,1.762993006234886,-14.427939414978027,-1321.8155517578125
268,9.724236965179443,1.735813577872832,-14.48325252532959,-1321.7911376953125
269,9.760262250900269,1.7490227532809428,-14.538042068481445,-1321.7662353515625
270,9.793314695358276,1.754247300292868,-14.592560768127441,-1321.739990234375
271,9.828685760498047,1.756703000092305,-14.64638900756836,-1321.7130126953125
272,9.86420488357544,1.7497540626666592,-14.699877738952637,-1321.685302734375
273,9.899004459381104,1.7611143725009277,-14.754472732543945,-1321.6552734375
274,9.932201862335205,1.7387871496283083,-14.806669235229492,-1321.62548828125
275,9.964905023574829,1.7501532873792622,-14.858637809753418,-1321.5947265625
276,9.998241662979126,1.736955514765954,-14.908319473266602,-1321.5638427734375
277,10.032113075256348,1.7408387967606136,-14.958361625671387,-1321.5318603515625
278,10.067155122756958,1.7514719257694555,-15.007834434509277,-1321.4990234375
279,10.100224018096924,1.74366135470863,-15.05671215057373,-1321.465087890625
280,10.134390830993652,1.7481040749311516,-15.104815483093262,-1321.4306640625
281,10.170496702194214,1.7514709914057895,-15.153221130371094,-1321.394775390625
282,10.20349407196045,1.734846462534652,-15.200065612792969,-1321.3585205078125
283,10.237475156784058,1.7512562432600607,-15.245824813842773,-1321.3223876953125
284,10.272361040115356,1.734197090744828,-15.292231559753418,-1321.283935546875
285,10.304473161697388,1.7452700161072485,-15.337278366088867,-1321.245361328125
286,10.340142011642456,1.7450870200281179,-15.380940437316895,-1321.206787109375
287,10.373247861862183,1.7427313126051962,-15.425366401672363,-1321.166015625
288,10.407243490219116,1.73787228507697,-15.468124389648438,-1321.125
289,10.44170093536377,1.7610957471980124,-15.510553359985352,-1321.0836181640625
290,10.47471809387207,1.73244205672564,-15.551895141601562,-1321.041259765625
291,10.50820541381836,1.7418988562515436,-15.592148780822754,-1320.9990234375
292,10.543172359466553,1.7442575886294949,-15.632125854492188,-1320.95556640625
293,10.577188491821289,1.7398576228865297,-15.671453475952148,-1320.9111328125
294,10.614235401153564,1.7302849365566988,-15.709721565246582,-1320.8663330078125
295,10.64827561378479,1.7463346400953708,-15.74870491027832,-1320.8192138671875
296,10.680835247039795,1.7408625769685548,-15.785904884338379,-1320.772216796875
297,10.713791847229004,1.7331958087525035,-15.822687149047852,-1320.7247314453125
298,10.746420621871948,1.7571460997299446,-15.857354164123535,-1320.677734375
299,10.780975103378296,1.7355710864229108,-15.891403198242188,-1320.63037109375
300,10.815614223480225,1.7309409113968803,-15.924906730651855,-1320.581787109375
301,10.850463151931763,1.743101932862718,-15.957765579223633,-1320.5325927734375
302,10.884506940841675,1.7222175119477285,-15.988922119140625,-1320.483642578125
303,10.919524431228638,1.738301948761501,-16.020179748535156,-1320.43359375
304,10.95241403579712,1.731656959115837,-16.050626754760742,-1320.3818359375
305,10.986417531967163,1.741090567220531,-16.079998016357422,-1320.33056640625
306,11.021005630493164,1.7432842677858469,-16.108325958251953,-1320.27880859375
307,11.055963516235352,1.7452450145818308,-16.136259078979492,-1320.2255859375
308,11.090083122253418,1.7351865089845364,-16.162904739379883,-1320.172119140625
309,11.12715220451355,1.7421148857599644,-16.189178466796875,-1320.1180419921875
310,11.160763263702393,1.728079259040924,-16.214006423950195,-1320.063720703125
311,11.19766092300415,1.7283184028123686,-16.2383975982666,-1320.009033203125
312,11.229467630386353,1.7436149712981142,-16.262453079223633,-1319.951416015625
313,11.266139268875122,1.7292176825458598,-16.28467559814453,-1319.8956298828125
314,11.301303386688232,1.749484343756296,-16.305927276611328,-1319.8388671875
315,11.338077545166016,1.739805108888186,-16.326744079589844,-1319.7806396484375
316,11.37403917312622,1.731597924652928,-16.346202850341797,-1319.7222900390625
317,11.410380125045776,1.733784803659293,-16.365074157714844,-1319.6636962890625
318,11.445043325424194,1.736304641371719,-16.382444381713867,-1319.6043701171875
319,11.482716083526611,1.7196536337172406,-16.399633407592773,-1319.5435791015625
320,11.51978611946106,1.7398558627797072,-16.41524314880371,-1319.483154296875
321,11.555715560913086,1.73645107913832,-16.42966651916504,-1319.42236328125
322,11.593080759048462,1.739519135534084,-16.443397521972656,-1319.36083984375
323,11.630813598632812,1.7243329855658571,-16.455608367919922,-1319.2994384765625
324,11.667357444763184,1.7311281831385588,-16.467269897460938,-1319.235595703125
325,11.704354047775269,1.7330158707884757,-16.477495193481445,-1319.17333984375
326,11.741592168807983,1.7464532085236766,-16.486572265625,-1319.1094970703125
327,11.780588150024414,1.7305994913247076,-16.494205474853516,-1319.0460205078125