,time,speed,x_coordinate,y_coordinate
0,0.13594722747802734,0.03255711294371671,-10.000076293945312,-1309.0047607421875
1,0.18314313888549805,0.12000212449487309,-10.000100135803223,-1309.012451171875
2,0.2270066738128662,0.1914285995372382,-10.000165939331055,-1309.0281982421875
3,0.27089667320251465,0.23898776136387706,-10.000125885009766,-1309.0498046875
4,0.31477856636047363,0.3070046743707415,-10.000128746032715,-1309.0770263671875
5,0.357269287109375,0.3755379694969317,-10.000077247619629,-1309.1114501953125
6,0.39716291427612305,0.4271173138628969,-10.00011157989502,-1309.1463623046875
7,0.4290776252746582,0.5149437298589552,-10.000143051147461,-1309.1798095703125
8,0.4590432643890381,0.5810833304527325,-10.000080108642578,-1309.212890625
9,0.4874551296234131,0.63104328244633,-9.999958038330078,-1309.2425537109375
10,0.5213899612426758,0.6722847346832086,-9.999991416931152,-1309.270751953125
11,0.5552899837493896,0.7087342629993106,-10.000118255615234,-1309.2982177734375
12,0.5882017612457275,0.7576950788908073,-10.000142097473145,-1309.3260498046875
13,0.6221117973327637,0.7803492377427601,-10.000110626220703,-1309.3533935546875
14,0.6544606685638428,0.8171631856555922,-10,-1309.3817138671875
15,0.6874721050262451,0.8361243569703475,-9.999955177307129,-1309.4102783203125
16,0.7244179248809814,0.8709606571435906,-10.000054359436035,-1309.4388427734375
17,0.7723233699798584,0.913948743907933,-10.000137329101562,-1309.4849853515625
18,0.8063125610351562,0.946175958122695,-10.000041961669922,-1309.5166015625
19,0.839224100112915,0.9658454629458124,-9.999927520751953,-1309.5484619140625
20,0.8884861469268799,1.0094866618418514,-10.000045776367188,-1309.598388671875
21,0.9214608669281006,1.0348489694502252,-10.000138282775879,-1309.632568359375
22,0.9555346965789795,1.0501312575970159,-10.000031471252441,-1309.6676025390625
23,0.9934136867523193,1.0823825705086227,-9.999945640563965,-1309.7032470703125
24,1.0263612270355225,1.1031074416283624,-9.999960899353027,-1309.7410888671875
25,1.0594019889831543,1.1312679743694745,-10.00000286102295,-1309.7796630859375
26,1.0944747924804688,1.144831004588887,-9.99996566772461,-1309.8182373046875
27,1.1296896934509277,1.177559888492351,-9.999966621398926,-1309.857666015625
28,1.164628505706787,1.1992730499966464,-9.99998664855957,-1309.8984375
29,1.2005741596221924,1.209430880247106,-9.999979972839355,-1309.9405517578125
30,1.2345426082611084,1.2414549231597212,-10.000003814697266,-1309.9827880859375
31,1.2684528827667236,1.259434994905833,-10.000029563903809,-1310.0257568359375
32,1.3034138679504395,1.2674389076348076,-9.999972343444824,-1310.0693359375
33,1.337378740310669,1.2981741380061198,-9.999942779541016,-1310.1136474609375
34,1.3725149631500244,1.3169663510275174,-9.999951362609863,-1310.15869140625
35,1.4098234176635742,1.3244111326658248,-9.999924659729004,-1310.204833984375
36,1.4434330463409424,1.3524439659909664,-9.999923706054688,-1310.2523193359375
37,1.4781291484832764,1.371505026119867,-9.99992847442627,-1310.2999267578125
38,1.5128591060638428,1.3793161332366068,-9.999917030334473,-1310.34716796875
39,1.5488579273223877,1.3994198128070454,-9.999927520751953,-1310.3958740234375
40,1.5830156803131104,1.4089027696684626,-9.999919891357422,-1310.4451904296875
41,1.61775541305542,1.427475811017144,-9.999932289123535,-1310.4940185546875
42,1.6523823738098145,1.4426253444739672,-9.999926567077637,-1310.5443115234375
43,1.688340187072754,1.4487207841272072,-9.99991512298584,-1310.594970703125
44,1.721992015838623,1.4754527827573782,-9.999911308288574,-1310.646240234375
45,1.7580204010009766,1.4885581912722665,-9.999906539916992,-1310.697998046875
46,1.8086106777191162,1.5073786554511361,-9.999892234802246,-1310.777099609375
47,1.8435170650482178,1.519287543983047,-9.999860763549805,-1310.829345703125
48,1.8772971630096436,1.529626428231477,-9.999858856201172,-1310.8824462890625
49,1.914276123046875,1.5399153433217385,-9.999855041503906,-1310.9354248046875
50,1.9494316577911377,1.541205528154865,-9.999833106994629,-1310.989501953125
51,1.9863755702972412,1.5650731169936845,-9.999841690063477,-1311.043212890625
52,2.018289804458618,1.5702196471942416,-9.999789237976074,-1311.09814453125
53,2.0540966987609863,1.5865999162001043,-9.999791145324707,-1311.1533203125
54,2.0883686542510986,1.602702845874234,-9.999778747558594,-1311.208984375
55,2.1262729167938232,1.5989735210128606,-9.99978256225586,-1311.2640380859375
56,2.15805983543396,1.6090987888054615,-9.9998140335083,-1311.322021484375
57,2.194329261779785,1.6128126583743383,-9.999786376953125,-1311.378662109375
58,2.22739577293396,1.6379192137551513,-9.999801635742188,-1311.434814453125
59,2.2655186653137207,1.6390264254853688,-9.999727249145508,-1311.4913330078125
60,2.2998194694519043,1.6518738244134898,-9.999740600585938,-1311.5487060546875
61,2.3317368030548096,1.6645071119784705,-9.999732971191406,-1311.606689453125
62,2.368089199066162,1.6628010484028646,-9.999713897705078,-1311.6639404296875
63,2.4028570652008057,1.6737173570303774,-9.999686241149902,-1311.722412109375
64,2.437244176864624,1.6710440293640685,-9.999628067016602,-1311.7802734375
65,2.4730303287506104,1.688424978989641,-9.999656677246094,-1311.83935546875
66,2.508228063583374,1.6900846990130116,-9.999588012695312,-1311.8978271484375
67,2.5425848960876465,1.7100600367870877,-9.999618530273438,-1311.9580078125
68,2.5767264366149902,1.7053682552425593,-9.999537467956543,-1312.017822265625
69,2.61154842376709,1.7211643093623812,-9.999560356140137,-1312.07666015625
70,2.6466238498687744,1.7225154514390582,-9.999547004699707,-1312.1361083984375
71,2.681199550628662,1.7265940361362617,-9.999556541442871,-1312.195556640625
72,2.717578411102295,1.7389940002880024,-9.999549865722656,-1312.2554931640625
73,2.749861240386963,1.7330168606608682,-9.99951457977295,-1312.316162109375
74,2.783770799636841,1.7489327100720145,-9.999566078186035,-1312.37646484375
75,2.8187241554260254,1.7453154905042179,-9.999523162841797,-1312.4376220703125
76,2.85168719291687,1.760789820840127,-9.999563217163086,-1312.4981689453125
77,2.885596752166748,1.7578596851593078,-9.99948501586914,-1312.5589599609375
78,2.9194517135620117,1.7730646090854865,-9.999549865722656,-1312.619873046875
79,2.958681106567383,1.770007014278561,-9.999526023864746,-1312.6800537109375
80,2.9914960861206055,1.785289860085712,-9.999567031860352,-1312.7430419921875
81,3.0255157947540283,1.7780892065726048,-9.999524116516113,-1312.805419921875
82,3.0594966411590576,1.7951071308171167,-9.999531745910645,-1312.8660888671875
83,3.0944879055023193,1.7895448518579573,-9.999519348144531,-1312.927978515625
84,3.1280624866485596,1.8009303091839255,-9.999556541442871,-1312.9898681640625
85,3.164759397506714,1.800836608588492,-9.999592781066895,-1313.0521240234375
86,3.1977272033691406,1.8062322232390216,-9.999601364135742,-1313.1142578125
87,3.231713056564331,1.813459658122152,-9.999595642089844,-1313.1767578125
88,3.268495559692383,1.813571155508679,-9.999563217163086,-1313.2392578125
89,3.303501844406128,1.8255124162652938,-9.999571800231934,-1313.3021240234375
90,3.336341619491577,1.8214227536444703,-9.999567031860352,-1313.364990234375
91,3.371514081954956,1.834091693608582,-9.999615669250488,-1313.4281005859375
92,3.4074013233184814,1.8289826187077611,-9.99962043762207,-1313.4912109375
93,3.4408352375030518,1.842165008723311,-9.999678611755371,-1313.5565185546875
94,3.4748830795288086,1.8371758886375267,-9.999689102172852,-1313.6199951171875
95,3.510509967803955,1.8503644343560972,-9.99974250793457,-1313.68359375
96,3.5446183681488037,1.8465551578260675,-9.999712944030762,-1313.747314453125
97,3.5816667079925537,1.8594268646145937,-9.999743461608887,-1313.811279296875
98,3.6146912574768066,1.8555511074961855,-9.999725341796875,-1313.876220703125
99,3.6496691703796387,1.8671220437819738,-9.99979019165039,-1313.9404296875
100,3.6835777759552,1.8635628754804392,-9.99978256225586,-1314.005615234375
101,3.719482421875,1.874133849043367,-9.9998197555542,-1314.071044921875
102,3.753520965576172,1.870998316649158,-9.99980640411377,-1314.136474609375
103,3.791532516479492,1.881622814445745,-9.999861717224121,-1314.201171875
104,3.824511766433716,1.878016131020926,-9.999859809875488,-1314.268798828125
105,3.8588478565216064,1.8881878503534995,-9.999897003173828,-1314.3338623046875
106,3.89591121673584,1.884914481944668,-9.999890327453613,-1314.3997802734375
107,3.9299399852752686,1.894656904045366,-9.999932289123535,-1314.466064453125
108,3.9650051593780518,1.8918155244392099,-9.999955177307129,-1314.5322265625
109,4.000916957855225,1.9001851414278021,-10.000011444091797,-1314.599609375
110,4.034894943237305,1.8993660590033559,-10.00003433227539,-1314.666015625
111,4.070986270904541,1.9060700003933235,-10.000057220458984,-1314.732666015625
112,4.106377124786377,1.9075010796192609,-10.00006103515625,-1314.8001708984375
113,4.143873929977417,1.9097382673319327,-10.00007438659668,-1314.8680419921875
114,4.180297136306763,1.9131312373559763,-10.000094413757324,-1314.936767578125
115,4.214237451553345,1.9138251780034228,-10.000103950500488,-1315.0048828125
116,4.250610589981079,1.920719772139084,-10.000141143798828,-1315.0738525390625
117,4.284465789794922,1.9183623054379835,-10.00015640258789,-1315.14208984375
118,4.319403171539307,1.9271368575263805,-10.000204086303711,-1315.2093505859375
119,4.357852458953857,1.9245504833831568,-10.000202178955078,-1315.27685546875
120,4.391679048538208,1.9343778689388977,-10.000258445739746,-1315.3463134765625
121,4.426815748214722,1.9329057019218228,-10.000279426574707,-1315.4150390625
122,4.461357831954956,1.94169233563016,-10.000326156616211,-1315.4827880859375
123,4.496787071228027,1.9390584073155301,-10.000330924987793,-1315.5506591796875
124,4.530592679977417,1.947811656465595,-10.000385284423828,-1315.61865234375
125,4.566784858703613,1.943947020953488,-10.000419616699219,-1315.6866455078125
126,4.60125994682312,1.9523124288914642,-10.000489234924316,-1315.7548828125
127,4.636598587036133,1.9505146548968904,-10.00050163269043,-1315.822998046875
128,4.669607400894165,1.9584096549859287,-10.000551223754883,-1315.890380859375
129,4.7074875831604,1.9547421731528996,-10.00058364868164,-1315.958740234375
130,4.741997241973877,1.9600600747764334,-10.000661849975586,-1316.0281982421875
131,4.774046182632446,1.9600950331596543,-10.000720024108887,-1316.09765625
132,4.807981491088867,1.9634157419388412,-10.000747680664062,-1316.1654052734375
133,4.844195127487183,1.9653536500271196,-10.000784873962402,-1316.232177734375
134,4.877454042434692,1.9656983187950814,-10.000831604003906,-1316.301025390625
135,4.9145379066467285,1.9693574501480786,-10.000885963439941,-1316.368896484375
136,4.947572231292725,1.9677812201299112,-10.000911712646484,-1316.43701171875
137,4.983473777770996,1.9740299489144202,-10.000982284545898,-1316.5059814453125
138,5.017383098602295,1.971247621077772,-10.001022338867188,-1316.5740966796875
139,5.052632093429565,1.9785143677936574,-10.001090049743652,-1316.643310546875
140,5.08672308921814,1.9764430760709666,-10.001102447509766,-1316.7115478515625
141,5.123410940170288,1.984553612123546,-10.00117015838623,-1316.7799072265625
142,5.156531095504761,1.9823640124144473,-10.00120735168457,-1316.850341796875
143,5.191646575927734,1.9915895568490534,-10.001280784606934,-1316.919921875
144,5.22568941116333,1.9876984126411674,-10.001337051391602,-1316.988525390625
145,5.260727882385254,1.9950843849475532,-10.001439094543457,-1317.0572509765625
146,5.296450614929199,1.993436511638868,-10.001519203186035,-1317.1268310546875
147,5.33068585395813,1.9975827944410702,-10.001618385314941,-1317.1966552734375
148,5.3648457527160645,1.996650561205672,-10.00167465209961,-1317.265380859375
149,5.4006171226501465,1.9982116237559646,-10.001724243164062,-1317.3343505859375
150,5.435574293136597,2.000724475512407,-10.001789093017578,-1317.404296875
151,5.469486951828003,1.9992079283439381,-10.00185489654541,-1317.473388671875
152,5.507590055465698,2.0037461464310242,-10.001935005187988,-1317.54345703125
153,5.540803670883179,2.001002856482111,-10.001982688903809,-1317.61572265625
154,5.575608730316162,2.0070189602042854,-10.002083778381348,-1317.6859130859375
155,5.609603643417358,2.0053681687307323,-10.0021390914917,-1317.755126953125
156,5.6453797817230225,2.0138541375048926,-10.00222110748291,-1317.825439453125
157,5.679402589797974,2.009318510157877,-10.002242088317871,-1317.894775390625
158,5.715266942977905,2.0178618409793794,-10.002323150634766,-1317.9642333984375
159,5.749269247055054,2.01372332421365,-10.002388954162598,-1318.03466796875
160,5.784353971481323,2.0201823803662298,-10.00249195098877,-1318.105224609375
161,5.820491552352905,2.0194981676648434,-10.002559661865234,-1318.17578125
162,5.8553972244262695,2.0194284918075867,-10.002626419067383,-1318.2454833984375
163,5.892021417617798,2.0222111397108113,-10.002729415893555,-1318.316162109375
164,5.924020290374756,2.0190786745376323,-10.002820014953613,-1318.387939453125
165,5.9590137004852295,2.024731748012579,-10.002930641174316,-1318.458740234375
166,5.995846271514893,2.02138665460508,-10.002981185913086,-1318.528564453125
167,6.027835845947266,2.027784036827547,-10.003095626831055,-1318.5994873046875
168,6.063681602478027,2.0258695553908725,-10.00317096710205,-1318.67041015625
169,6.098778247833252,2.0342112889290944,-10.003279685974121,-1318.7403564453125
170,6.133758783340454,2.0281674704333823,-10.003340721130371,-1318.8114013671875
171,6.168511867523193,2.036374377517298,-10.003427505493164,-1318.882568359375
172,6.202491283416748,2.0338337218834313,-10.003515243530273,-1318.95361328125
173,6.500295877456665,2.0342864990690837,-10.003618240356445,-1319.0238037109375
174,6.5363242626190186,2.0445653947409124,-10.004714012145996,-1319.6297607421875
175,6.569624423980713,2.036085584944931,-10.006654739379883,-1319.701171875
176,6.604740381240845,2.0127143173875797,-10.01025104522705,-1319.770751953125
177,6.6398115158081055,1.9792868650432833,-10.016362190246582,-1319.8404541015625
178,6.675475835800171,1.9522848986366643,-10.024510383605957,-1319.908935546875
179,6.708936929702759,1.9302536381492272,-10.03563117980957,-1319.9774169921875
180,6.74423360824585,1.9123710746624007,-10.048116683959961,-1320.0428466796875
181,6.779589414596558,1.9132321383229056,-10.063789367675781,-1320.1083984375
182,6.81357741355896,1.897323698420066,-10.081303596496582,-1320.1719970703125
183,6.848579406738281,1.8838673814828766,-10.101228713989258,-1320.23583984375
184,6.883485317230225,1.8550781570944304,-10.123440742492676,-1320.2982177734375
185,6.917665958404541,1.8450012764958772,-10.146992683410645,-1320.3582763671875
186,6.95480489730835,1.842891552822967,-10.173199653625488,-1320.4166259765625
187,6.990612268447876,1.8136735790546763,-10.201640129089355,-1320.4742431640625
188,7.023048400878906,1.8100196779864488,-10.233329772949219,-1320.531982421875
189,7.058400869369507,1.7865911270794153,-10.265588760375977,-1320.5860595703125
190,7.096431732177734,1.7989841518630896,-10.300078392028809,-1320.6383056640625
191,7.128432035446167,1.7817620830715606,-10.336392402648926,-1320.6888427734375
192,7.163047552108765,1.7876045056253371,-10.374346733093262,-1320.73828125
193,7.197844505310059,1.7821010052791688,-10.413629531860352,-1320.7861328125
194,7.2334675788879395,1.7820018507634818,-10.45403003692627,-1320.83349609375
195,7.266522645950317,1.823843332424243,-10.495931625366211,-1320.881103515625
196,7.302497386932373,1.7979650819302433,-10.537693977355957,-1320.9267578125
197,7.335439443588257,1.8036741076108895,-10.580262184143066,-1320.9725341796875
198,7.373809814453125,1.7901735636746048,-10.623967170715332,-1321.017578125
199,7.407618761062622,1.7995619064926034,-10.669031143188477,-1321.0631103515625
200,7.44146990776062,1.8055926405555633,-10.714073181152344,-1321.1064453125
201,7.476755619049072,1.7989059948121573,-10.760263442993164,-1321.1495361328125
202,7.510765790939331,1.7834157538331192,-10.806109428405762,-1321.1907958984375
203,7.546903848648071,1.7976253826444117,-10.854071617126465,-1321.2330322265625
204,7.579899072647095,1.7812746865343307,-10.901423454284668,-1321.2725830078125
205,7.615140676498413,1.780576634620495,-10.949071884155273,-1321.3118896484375
206,7.650187969207764,1.7779083319656592,-10.998553276062012,-1321.3499755859375
207,7.684896230697632,1.79120400577896,-11.047656059265137,-1321.386962890625
208,7.719802379608154,1.7852722253347861,-11.09807014465332,-1321.42333984375
209,7.756752014160156,1.7736116890820541,-11.148917198181152,-1321.4583740234375
210,7.792212963104248,1.7694558070865927,-11.20146369934082,-1321.4931640625
211,7.824886322021484,1.7881617587951295,-11.25403118133545,-1321.52685546875
212,7.858534812927246,1.7853547499932718,-11.307106971740723,-1321.559326171875
213,7.894730091094971,1.768738057853399,-11.359847068786621,-1321.59033203125
214,7.928513050079346,1.794119987544805,-11.4136323928833,-1321.620361328125
215,7.963597774505615,1.777374029564475,-11.467540740966797,-1321.6492919921875
216,7.999520778656006,1.7698287758693592,-11.522679328918457,-1321.677978515625
217,8.03315281867981,1.7659466867986877,-11.578459739685059,-1321.7054443359375
218,8.068147659301758,1.773442688054275,-11.633719444274902,-1321.7318115234375
219,8.10349702835083,1.7926856783409009,-11.69027042388916,-1321.75732421875
220,8.138473987579346,1.769790738678887,-11.747461318969727,-1321.78173828125
221,8.17306923866272,1.765531426429661,-11.804906845092773,-1321.8050537109375
222,8.208009004592896,1.7778765122114122,-11.862798690795898,-1321.82763671875
223,8.241530418395996,1.7682452171278298,-11.92021369934082,-1321.8485107421875
224,8.275432348251343,1.763628434786017,-11.977765083312988,-1321.868896484375
225,8.309873580932617,1.7719167880214064,-12.035157203674316,-1321.887451171875
226,8.348833560943604,1.7781069229231365,-12.093412399291992,-1321.9056396484375
227,8.380534172058105,1.7717562568242824,-12.152752876281738,-1321.9228515625
228,8.41558575630188,1.7633267968601898,-12.211953163146973,-1321.938720703125
229,8.449359893798828,1.7695649594913683,-12.27097225189209,-1321.9534912109375
230,8.483419179916382,1.7618394376183768,-12.330374717712402,-1321.967529296875
231,8.518431186676025,1.7650658743169496,-12.389966011047363,-1321.9801025390625
232,8.552197694778442,1.7596655683353148,-12.450467109680176,-1321.9921875
233,8.589029788970947,1.7794481729541072,-12.510653495788574,-1322.002685546875
234,8.623856544494629,1.7574688433272079,-12.572550773620605,-1322.01220703125
235,8.655869245529175,1.7613894581687375,-12.633676528930664,-1322.02099609375
236,8.690041542053223,1.7535910980974545,-12.69320297241211,-1322.0283203125
237,8.725619077682495,1.7628212753567705,-12.752737045288086,-1322.0345458984375
238,8.758283376693726,1.7667012076572561,-12.813192367553711,-1322.039794921875
239,8.795095920562744,1.7598157484051513,-12.874007225036621,-1322.0438232421875
240,8.83252477645874,1.7655541387810472,-12.934613227844238,-1322.0467529296875
241,8.867506742477417,1.7713586239432793,-12.996241569519043,-1322.049072265625
242,8.903189897537231,1.7471862091365165,-13.058773040771484,-1322.0496826171875
243,8.938103199005127,1.7545215426594345,-13.122084617614746,-1322.0496826171875
244,8.972541093826294,1.7626128106493317,-13.184647560119629,-1322.0479736328125
245,9.006648778915405,1.7671648299553415,-13.246114730834961,-1322.045654296875
246,9.042582273483276,1.7624746159879714,-13.30743408203125,-1322.0421142578125
247,9.077027082443237,1.757486334659679,-13.369144439697266,-1322.037353515625
248,9.11265754699707,1.7619490597272855,-13.43018627166748,-1322.031494140625
249,9.14713168144226,1.7571651252974525,-13.490497589111328,-1322.025146484375
250,9.183171510696411,1.749173179595561,-13.55133056640625,-1322.0169677734375
251,9.21623182296753,1.7470919974492898,-13.612044334411621,-1322.0081787109375
252,9.250438213348389,1.7800673288672315,-13.672661781311035,-1321.997802734375
253,9.284424781799316,1.7435792161548347,-13.732192039489746,-1321.986572265625
254,9.322537183761597,1.7577735589291987,-13.792312622070312,-1321.974365234375
255,9.354610443115234,1.7580611791673857,-13.852288246154785,-1321.961181640625
256,9.389915466308594,1.7481278602401193,-13.911863327026367,-1321.94677734375
257,9.425379276275635,1.7506729558398963,-13.970373153686523,-1321.931884765625
258,9.459051609039307,1.7623404608713866,-14.028748512268066,-1321.9154052734375
259,9.494758367538452,1.7541238928817826,-14.086556434631348,-1321.8980712890625
260,9.527888059616089,1.759178592459612,-14.145047187805176,-1321.8797607421875
261,9.562420845031738,1.7533124700068639,-14.201526641845703,-1321.860595703125
262,9.596425771713257,1.7498899344358527,-14.258362770080566,-1321.8404541015625
263,9.633944034576416,1.7489197434338501,-14.314977645874023,-1321.819091796875
264,9.66585898399353,1.7532921046917147,-14.37114429473877,-1321.796875
265,9.700853109359741,1.7403716364136672,-14.425956726074219,-1321.7740478515625
266,9.733868598937988,1.7639419628257313,-14.481502532958984,-1321.7498779296875
267,9.766490697860718,1.7397638706405554,-14.536272048950195,-1321.724609375
268,9.802515029907227,1.7529748731506243,-14.590028762817383,-1321.6990966796875
269,9.837514400482178,1.746540181391236,-14.643893241882324,-1321.672119140625
270,9.87215280532837,1.7412855292236702,-14.697468757629395,-1321.6444091796875
271,9.906402111053467,1.7471310684508086,-14.750219345092773,-1321.61572265625
272,9.939424276351929,1.7463211143718584,-14.802048683166504,-1321.586181640625
273,9.973332643508911,1.744565768799631,-14.853660583496094,-1321.555419921875
274,10.008563995361328,1.7527858497019575,-14.904434204101562,-1321.5244140625
275,10.042859077453613,1.7578902528017681,-14.95427131652832,-1321.4923095703125
276,10.075459480285645,1.7388833427878398,-15.004569053649902,-1321.4591064453125
277,10.110925674438477,1.7580417908998802,-15.05341625213623,-1321.425048828125
278,10.1449613571167,1.7432093816649685,-15.101737022399902,-1321.3905029296875
279,10.179219245910645,1.7334009863476592,-15.149941444396973,-1321.354736328125
280,10.213227272033691,1.7469851728463415,-15.197181701660156,-1321.318603515625
281,10.246135234832764,1.73814927012282,-15.244057655334473,-1321.281005859375
282,10.282967567443848,1.7473672138413923,-15.28999137878418,-1321.2435302734375
283,10.315870761871338,1.7465340713769655,-15.334992408752441,-1321.2047119140625
284,10.349882125854492,1.7466832523802895,-15.3801908493042,-1321.1649169921875
285,10.383086919784546,1.7521660880397036,-15.423643112182617,-1321.1248779296875
286,10.417198181152344,1.7427893415172355,-15.466837882995605,-1321.083740234375
287,10.451114892959595,1.74112006150262,-15.508877754211426,-1321.0423583984375
288,10.487005472183228,1.7409996125669436,-15.550024032592773,-1321.0008544921875
289,10.52171540260315,1.7376773823731901,-15.59184741973877,-1320.95654296875
290,10.557075023651123,1.732899179746312,-15.633232116699219,-1320.911865234375
291,10.587097406387329,1.7595776450713412,-15.672842025756836,-1320.86669921875
292,10.622538566589355,1.7319759998550621,-15.71075439453125,-1320.822265625
293,10.65597653388977,1.750945107338622,-15.747748374938965,-1320.7772216796875
294,10.689806938171387,1.7379111221686347,-15.784260749816895,-1320.731689453125
295,10.723587274551392,1.7421732136372512,-15.820124626159668,-1320.6845703125
296,10.758106231689453,1.7395707497623631,-15.855595588684082,-1320.6373291015625
297,10.792693376541138,1.7381886196962857,-15.88982105255127,-1320.5888671875
298,10.825735330581665,1.7326584519243846,-15.923480987548828,-1320.5401611328125
299,10.859046220779419,1.7405210689287383,-15.956149101257324,-1320.4910888671875
300,10.895753860473633,1.7410480897848024,-15.98817253112793,-1320.441162109375
301,10.928022146224976,1.7344630632568212,-16.019033432006836,-1320.390869140625
302,10.963492631912231,1.749507246869731,-16.04898452758789,-1320.3408203125
303,10.997741222381592,1.7412583503514063,-16.078535079956055,-1320.28857421875
304,11.031883478164673,1.7246464018178973,-16.10714340209961,-1320.23681640625
305,11.066038846969604,1.7481553550447337,-16.134933471679688,-1320.1839599609375
306,11.102123737335205,1.7299704343162075,-16.161949157714844,-1320.130126953125
307,11.137028217315674,1.729107137963971,-16.187854766845703,-1320.076171875
308,11.172271251678467,1.7389156472787086,-16.213788986206055,-1320.0201416015625
309,11.206180572509766,1.745939033194185,-16.23802947998047,-1319.9644775390625
310,11.240537166595459,1.7222140131135324,-16.261320114135742,-1319.909423828125
311,11.277508735656738,1.7496584674153473,-16.283506393432617,-1319.8526611328125
312,11.312544822692871,1.731526193207145,-16.304813385009766,-1319.7958984375
313,11.349500894546509,1.727352787483434,-16.32540512084961,-1319.7388916015625
314,11.387418508529663,1.7291264840077525,-16.34498405456543,-1319.6805419921875
315,11.422608613967896,1.743156816620321,-16.36415672302246,-1319.6201171875
316,11.45919132232666,1.7473595578558265,-16.382028579711914,-1319.560302734375
317,11.495651006698608,1.735477410268306,-16.39862632751465,-1319.4998779296875
318,11.531308650970459,1.718503762798245,-16.414337158203125,-1319.4385986328125
319,11.567703247070312,1.7402745172824299,-16.429058074951172,-1319.3778076171875
320,11.604429960250854,1.7304905402723088,-16.44234275817871,-1319.3160400390625
321,11.64151382446289,1.737288933533869,-16.455184936523438,-1319.2532958984375
322,11.677602052688599,1.7304402117757212,-16.466053009033203,-1319.1917724609375
323,11.714858531951904,1.727206993715935,-16.47635841369629,-1319.1292724609375
324,11.752768993377686,1.743533501328252,-16.485393524169922,-1319.06591796875
325,11.791279554367065,1.7286845244388476,-16.493181228637695,-1319.0020751953125