,time,speed,x_coordinate,y_coordinate
0,0.20822477340698242,0.022122723304909494,-10.00007152557373,-1309.00439453125
1,0.2553524971008301,0.12081129574711723,-10.000121116638184,-1309.0115966796875
2,0.29923558235168457,0.19802938108515966,-10.000075340270996,-1309.0277099609375
3,0.3391284942626953,0.24929119533570113,-10.000163078308105,-1309.0501708984375
4,0.37902188301086426,0.31767968630490023,-10.000162124633789,-1309.07861328125
5,0.41991281509399414,0.386822781183532,-10.000106811523438,-1309.1141357421875
6,0.45581769943237305,0.4448969091021194,-10.000149726867676,-1309.15087890625
7,0.48872876167297363,0.5381456882605102,-10.000192642211914,-1309.185791015625
8,0.5196459293365479,0.5946632360971185,-10.000096321105957,-1309.2196044921875
9,0.5499997138977051,0.6514288738620251,-10.000006675720215,-1309.25
10,0.580925703048706,0.686588866606577,-10.000104904174805,-1309.2791748046875
11,0.6149158477783203,0.7277408583551388,-10.000215530395508,-1309.3070068359375
12,0.6489176750183105,0.7735158297662533,-10.000213623046875,-1309.335205078125
13,0.6798694133758545,0.7946448240400249,-10.000149726867676,-1309.36328125
14,0.7143378257751465,0.8301442064284934,-10.000018119812012,-1309.391845703125
15,0.749244213104248,0.8501623717625125,-10.000022888183594,-1309.4207763671875
16,0.780709981918335,0.8902275707863607,-10.000151634216309,-1309.4508056640625
17,0.8148417472839355,0.9138112021981923,-10.000226020812988,-1309.4810791015625
18,0.847820520401001,0.9443346416494077,-10.000149726867676,-1309.51220703125
19,0.879683256149292,0.9617317678652259,-10.00001049041748,-1309.5440673828125
20,0.914149284362793,0.9952603500121935,-10.000042915344238,-1309.5767822265625
21,0.9486594200134277,1.0175081435823112,-10.000154495239258,-1309.610595703125
22,0.9816224575042725,1.04651181649858,-10.000171661376953,-1309.6446533203125
23,1.014552354812622,1.0610648635052518,-10.000069618225098,-1309.679931640625
24,1.0480668544769287,1.0966542974172195,-10.000039100646973,-1309.716064453125
25,1.0800573825836182,1.1106594112462764,-10.000067710876465,-1309.7530517578125
26,1.1138250827789307,1.1343145249980104,-10.000082015991211,-1309.7908935546875
27,1.1461777687072754,1.1519660283671038,-10.000045776367188,-1309.8284912109375
28,1.1793107986450195,1.177357083299327,-10.000060081481934,-1309.86767578125
29,1.2142207622528076,1.2035111008865482,-10.000062942504883,-1309.906982421875
30,1.2492032051086426,1.2137256417256683,-10.000032424926758,-1309.9473876953125
31,1.2821357250213623,1.244004516284597,-10.00005054473877,-1309.9891357421875
32,1.3151798248291016,1.265000823509039,-10.000068664550781,-1310.0316162109375
33,1.3501787185668945,1.2735744835183744,-10.000035285949707,-1310.073974609375
34,1.3845322132110596,1.300380794430499,-10.000041007995605,-1310.11767578125
35,1.4183063507080078,1.3209131988504956,-10.000061988830566,-1310.1619873046875
36,1.4541783332824707,1.3278361738876914,-10.000035285949707,-1310.2069091796875
37,1.4872877597808838,1.353777859677897,-10.000022888183594,-1310.253173828125
38,1.5230495929718018,1.3725397624831193,-10.000016212463379,-1310.3001708984375
39,1.557783842086792,1.3804057656914175,-10.000018119812012,-1310.3475341796875
40,1.5931241512298584,1.3996534591375376,-10.000052452087402,-1310.3955078125
41,1.6266775131225586,1.409572584580771,-10.000062942504883,-1310.444091796875
42,1.678873062133789,1.4405481571004137,-10.000004768371582,-1310.51806640625
43,1.7158031463623047,1.4537820261553305,-9.99996280670166,-1310.568603515625
44,1.7496764659881592,1.465309716963129,-9.99997329711914,-1310.6195068359375
45,1.7837669849395752,1.4774836452404676,-9.999987602233887,-1310.671142578125
46,1.8197274208068848,1.480743788829655,-9.999961853027344,-1310.722412109375
47,1.854698896408081,1.5079167112576641,-9.999953269958496,-1310.77490234375
48,1.8885924816131592,1.5211140652713444,-9.999923706054688,-1310.827880859375
49,1.9235198497772217,1.529357897799541,-9.999930381774902,-1310.8802490234375
50,1.957045316696167,1.5386712012832024,-9.99994945526123,-1310.9332275390625
51,1.993067979812622,1.5410311465192252,-9.999933242797852,-1310.986572265625
52,2.0289716720581055,1.5669310803040575,-9.999950408935547,-1311.041015625
53,2.0639567375183105,1.5741323308433466,-9.999909400939941,-1311.09521484375
54,2.1000821590423584,1.5863231309644232,-9.99991512298584,-1311.1502685546875
55,2.1329939365386963,1.6018711494717222,-9.99988842010498,-1311.206787109375
56,2.168070077896118,1.59918010900028,-9.999878883361816,-1311.2625732421875
57,2.202065944671631,1.6114924530354844,-9.999917984008789,-1311.318115234375
58,2.236704111099243,1.6138316879007069,-9.999889373779297,-1311.374755859375
59,2.2717392444610596,1.6390355498406233,-9.999909400939941,-1311.4307861328125
60,2.305758476257324,1.6421504536365972,-9.99985122680664,-1311.4873046875
61,2.341093063354492,1.6510368746225013,-9.999835014343262,-1311.5447998046875
62,2.377223014831543,1.664807862247652,-9.999808311462402,-1311.6019287109375
63,2.409877061843872,1.661412286509973,-9.999778747558594,-1311.6607666015625
64,2.444119691848755,1.6712281769919768,-9.999787330627441,-1311.7183837890625
65,2.478658437728882,1.6715687207182277,-9.999738693237305,-1311.7762451171875
66,2.5134804248809814,1.690963157576933,-9.99975872039795,-1311.8343505859375
67,2.549077272415161,1.6889320481113426,-9.999680519104004,-1311.8927001953125
68,2.583848714828491,1.7106074292143394,-9.999723434448242,-1311.9520263671875
69,2.619349479675293,1.7067210485294089,-9.999675750732422,-1312.010986328125
70,2.6552977561950684,1.7168009542452178,-9.999680519104004,-1312.0706787109375
71,2.6881256103515625,1.7251469883980406,-9.999651908874512,-1312.1309814453125
72,2.7240703105926514,1.723535861842942,-9.999654769897461,-1312.1903076171875
73,2.7580018043518066,1.7376098866301042,-9.999690055847168,-1312.2509765625
74,2.79341983795166,1.7327439421351913,-9.999679565429688,-1312.3116455078125
75,2.828007221221924,1.7476602933713123,-9.999739646911621,-1312.371826171875
76,2.8660082817077637,1.743853562988487,-9.999692916870117,-1312.4329833984375
77,2.9003469944000244,1.759738586737339,-9.999738693237305,-1312.4962158203125
78,2.9322621822357178,1.7581474803196728,-9.999652862548828,-1312.557861328125
79,2.9662251472473145,1.7726588056312167,-9.999689102172852,-1312.61962890625
80,3.0001742839813232,1.7706070035606833,-9.999648094177246,-1312.6798095703125
81,3.0352320671081543,1.785829317425708,-9.999713897705078,-1312.7410888671875
82,3.070798873901367,1.7788702780317533,-9.999716758728027,-1312.8017578125
83,3.105241537094116,1.7940981328221257,-9.999726295471191,-1312.86328125
84,3.1400842666625977,1.7891513910829258,-9.99968433380127,-1312.926025390625
85,3.1758666038513184,1.7993763923399584,-9.999676704406738,-1312.98779296875
86,3.2110908031463623,1.800977425441828,-9.999689102172852,-1313.050048828125
87,3.244385004043579,1.8055532051245626,-9.999717712402344,-1313.113037109375
88,3.281696319580078,1.813389299207907,-9.999753952026367,-1313.176513671875
89,3.317892551422119,1.8144310113602466,-9.999747276306152,-1313.2408447265625
90,3.351186752319336,1.8242211362538607,-9.999756813049316,-1313.3046875
91,3.3837661743164062,1.8232493350771986,-9.999764442443848,-1313.3675537109375
92,3.4190611839294434,1.8348417841272513,-9.9998197555542,-1313.4298095703125
93,3.453873872756958,1.8299692771735825,-9.999836921691895,-1313.492919921875
94,3.488867998123169,1.8428786793006802,-9.999869346618652,-1313.5572509765625
95,3.5229079723358154,1.8386972996571864,-9.99985122680664,-1313.6217041015625
96,3.5570387840270996,1.8505215994929038,-9.999896049499512,-1313.6854248046875
97,3.5913896560668945,1.846590584435943,-9.999882698059082,-1313.7491455078125
98,3.6262407302856445,1.858267311399147,-9.999908447265625,-1313.81396484375
99,3.660968542098999,1.8548475549915484,-9.999876976013184,-1313.8779296875
100,3.7159154415130615,1.8603212013518282,-9.999894142150879,-1313.9757080078125
101,3.747713088989258,1.8703857587066608,-9.999948501586914,-1314.041015625
102,3.7837605476379395,1.8671309430646728,-9.999961853027344,-1314.10546875
103,3.817760944366455,1.878372431709148,-9.999998092651367,-1314.1700439453125
104,3.8544745445251465,1.8740440446859445,-9.999984741210938,-1314.23583984375
105,3.8890421390533447,1.8850971961761471,-10.00001335144043,-1314.30078125
106,3.9243314266204834,1.8815816739320663,-10.000018119812012,-1314.3668212890625
107,3.96038556098938,1.893079996127603,-10.000070571899414,-1314.432861328125
108,3.9960923194885254,1.8889890724217973,-10.00009822845459,-1314.5001220703125
109,4.032609939575195,1.900147458036672,-10.000167846679688,-1314.56640625
110,4.066963195800781,1.897949802873841,-10.000199317932129,-1314.6357421875
111,4.101482152938843,1.9090776377581296,-10.000243186950684,-1314.7022705078125
112,4.136259078979492,1.9057900909954995,-10.000236511230469,-1314.77001953125
113,4.171024322509766,1.9143447012116277,-10.000273704528809,-1314.8367919921875
114,4.206766366958618,1.9101596385460955,-10.000288009643555,-1314.9036865234375
115,4.241584539413452,1.9195257689091365,-10.000358581542969,-1314.970703125
116,4.277135848999023,1.9166741674372325,-10.000380516052246,-1315.037841796875
117,4.3123016357421875,1.9255349182642747,-10.000433921813965,-1315.1051025390625
118,4.349871635437012,1.9242943676157869,-10.000431060791016,-1315.17333984375
119,4.381959438323975,1.9313262026404414,-10.000481605529785,-1315.2427978515625
120,4.416964292526245,1.9281788323463427,-10.000511169433594,-1315.3101806640625
121,4.452954292297363,1.9355865241938626,-10.00057601928711,-1315.376953125
122,4.48688817024231,1.9346610702959746,-10.000614166259766,-1315.445556640625
123,4.523061037063599,1.9393858911102801,-10.000655174255371,-1315.513427734375
124,4.559962034225464,1.9415566218082945,-10.000693321228027,-1315.581298828125
125,4.595011472702026,1.9425176499315595,-10.000728607177734,-1315.6494140625
126,4.629685640335083,1.9463747618747593,-10.000779151916504,-1315.7174072265625
127,4.665750503540039,1.9450471760377024,-10.000825881958008,-1315.78662109375
128,4.6981751918792725,1.9525674054740563,-10.000870704650879,-1315.8568115234375
129,4.750036239624023,1.9552010768098753,-10.000892639160156,-1315.9583740234375
130,4.785073280334473,1.9604789403822787,-10.000947952270508,-1316.02587890625
131,4.8194663524627686,1.9593549487788153,-10.000997543334961,-1316.0943603515625
132,4.854414701461792,1.963746430531369,-10.001044273376465,-1316.162109375
133,4.888359069824219,1.964797770460955,-10.001099586486816,-1316.229736328125
134,4.922990560531616,1.9664693633921524,-10.0011568069458,-1316.297607421875
135,4.958068609237671,1.9692204553943051,-10.001228332519531,-1316.366455078125
136,4.991366863250732,1.9680006017495417,-10.001256942749023,-1316.4345703125
137,5.0278708934783936,1.974122596916763,-10.001299858093262,-1316.5025634765625
138,5.065005779266357,1.9718934378482404,-10.001328468322754,-1316.5716552734375
139,5.097611904144287,1.9783464440371772,-10.001429557800293,-1316.641845703125
140,5.130706071853638,1.9757524131662125,-10.001482963562012,-1316.7110595703125
141,5.166091203689575,1.984156202837421,-10.001561164855957,-1316.7794189453125
142,5.20110821723938,1.981162856278339,-10.0015869140625,-1316.847900390625
143,5.235095262527466,1.9909386347182643,-10.001656532287598,-1316.9163818359375
144,5.270759344100952,1.9863421258091212,-10.001713752746582,-1316.98486328125
145,5.3058693408966064,1.994825132716859,-10.001803398132324,-1317.053466796875
146,5.339948415756226,1.9916569887388154,-10.001852035522461,-1317.1231689453125
147,5.373961448669434,1.9990566731484765,-10.001935958862305,-1317.1920166015625
148,5.408907890319824,1.9968042049653578,-10.002007484436035,-1317.2608642578125
149,5.444505214691162,1.998844407045417,-10.002102851867676,-1317.329833984375
150,5.481154203414917,2.0010082599167456,-10.002182960510254,-1317.399658203125
151,5.51585841178894,1.9993678112915394,-10.002233505249023,-1317.4716796875
152,5.548876523971558,2.0034415792639595,-10.00231647491455,-1317.541748046875
153,5.582890510559082,2.0007670602081773,-10.002388954162598,-1317.60986328125
154,5.617879390716553,2.0070557435243197,-10.002471923828125,-1317.6790771484375
155,5.652873516082764,2.004683623224495,-10.002490043640137,-1317.748291015625
156,5.686936378479004,2.0113654351365997,-10.002595901489258,-1317.818603515625
157,5.721675395965576,2.0086290201968344,-10.002681732177734,-1317.887939453125
158,5.755969524383545,2.017416528059098,-10.002777099609375,-1317.957275390625
159,5.791276454925537,2.012698231873027,-10.002811431884766,-1318.0277099609375
160,5.825313568115234,2.021157153223715,-10.002902030944824,-1318.0972900390625
161,5.862132549285889,2.0181994361235507,-10.002985954284668,-1318.1668701171875
162,5.8987908363342285,2.0226228026109343,-10.003094673156738,-1318.236572265625
163,5.930699110031128,2.0229752047212637,-10.003186225891113,-1318.309326171875
164,5.965786933898926,2.0215829313425213,-10.003265380859375,-1318.379150390625
165,6.000461578369141,2.0248378510747544,-10.003353118896484,-1318.448974609375
166,6.034065246582031,2.0211566508564225,-10.003423690795898,-1318.519775390625
167,6.068461894989014,2.027480658683017,-10.003539085388184,-1318.5897216796875
168,6.104356527328491,2.02475643129855,-10.003620147705078,-1318.6597900390625
169,6.138264179229736,2.030455449074687,-10.003739356994629,-1318.7298583984375
170,6.173049449920654,2.028818875312935,-10.003811836242676,-1318.7998046875
171,6.208400249481201,2.0368839434554693,-10.003939628601074,-1318.870849609375
172,6.241827487945557,2.0309566498842573,-10.004024505615234,-1318.9410400390625
173,6.537729263305664,2.0392926357308827,-10.004125595092773,-1319.0123291015625
174,6.572914361953735,2.0464652145518283,-10.005145072937012,-1319.6146240234375
175,6.607207298278809,2.032073526350084,-10.007019996643066,-1319.68505859375
176,6.641974925994873,2.011938739468482,-10.010744094848633,-1319.7547607421875
177,6.6769633293151855,1.9801536764818004,-10.016975402832031,-1319.824462890625
178,6.715009689331055,1.9520677470636956,-10.024859428405762,-1319.8919677734375
179,6.748918771743774,1.9279479916412563,-10.035833358764648,-1319.9613037109375
180,6.799230575561523,1.9131806624889525,-10.056029319763184,-1320.060546875
181,6.833293437957764,1.9209222602697267,-10.072579383850098,-1320.1239013671875
182,6.869281530380249,1.899351184908165,-10.091008186340332,-1320.18798828125
183,6.9029154777526855,1.8759940065628082,-10.11167049407959,-1320.2503662109375
184,6.937897443771362,1.855276635372208,-10.134180068969727,-1320.3111572265625
185,6.971806764602661,1.8316987749994984,-10.158873558044434,-1320.370361328125
186,7.006816148757935,1.835918795953227,-10.186156272888184,-1320.4281005859375
187,7.040818691253662,1.8222966979095205,-10.215025901794434,-1320.4842529296875
188,7.075864553451538,1.8168702853879122,-10.246915817260742,-1320.5396728515625
189,7.116832256317139,1.7897991348138658,-10.279898643493652,-1320.5928955078125
190,7.148960828781128,1.7816139904770931,-10.316784858703613,-1320.646484375
191,7.181101083755493,1.7608931508127421,-10.354862213134766,-1320.6973876953125
192,7.215167999267578,1.8056011659760574,-10.392823219299316,-1320.7447509765625
193,7.249869346618652,1.7839186970463259,-10.432486534118652,-1320.7921142578125
194,7.285093784332275,1.8000248207429745,-10.472663879394531,-1320.83837890625
195,7.319002866744995,1.8031123057859704,-10.514487266540527,-1320.885009765625
196,7.355898857116699,1.8005839096587415,-10.55649471282959,-1320.93017578125
197,7.3899312019348145,1.7970536873129332,-10.59993839263916,-1320.976318359375
198,7.424955129623413,1.7957724589534796,-10.644058227539062,-1321.0208740234375
199,7.458953857421875,1.7874965318899207,-10.68881893157959,-1321.0653076171875
200,7.4975011348724365,1.8112356168872503,-10.734333038330078,-1321.1082763671875
201,7.529902219772339,1.7838331125224682,-10.78139877319336,-1321.151611328125
202,7.564713478088379,1.7844603624067512,-10.82809829711914,-1321.1932373046875
203,7.599934339523315,1.7937032189737503,-10.875022888183594,-1321.23388671875
204,7.633995532989502,1.7872679993627958,-10.923316955566406,-1321.2735595703125
205,7.668980360031128,1.7928440019584357,-10.971382141113281,-1321.312255859375
206,7.703165292739868,1.782399352899181,-11.021071434020996,-1321.3499755859375
207,7.737128257751465,1.7754246907307565,-11.07056999206543,-1321.386474609375
208,7.77225399017334,1.7879007680553745,-11.120527267456055,-1321.421875
209,7.807429075241089,1.7757316958528915,-11.1715669631958,-1321.4564208984375
210,7.841118574142456,1.7777183373303966,-11.22276782989502,-1321.4898681640625
211,7.875258922576904,1.780094502203515,-11.274845123291016,-1321.5225830078125
212,7.910415172576904,1.7819919867537177,-11.327420234680176,-1321.5540771484375
213,7.947434663772583,1.7770306509677103,-11.381089210510254,-1321.5849609375
214,7.980101585388184,1.7734564768440932,-11.436615943908691,-1321.615478515625
215,8.013749599456787,1.7666539774141872,-11.49066162109375,-1321.6439208984375
216,8.049654006958008,1.778599530331883,-11.545209884643555,-1321.671875
217,8.084088563919067,1.7776297967744694,-11.59962272644043,-1321.6981201171875
218,8.118274688720703,1.7629150994711984,-11.655064582824707,-1321.7239990234375
219,8.15187954902649,1.7921258032843561,-11.711108207702637,-1321.7486572265625
220,8.187539100646973,1.774052599734007,-11.767582893371582,-1321.7724609375
221,8.221477270126343,1.7554357825764089,-11.824248313903809,-1321.795166015625
222,8.256474018096924,1.7739629823849687,-11.881438255310059,-1321.817138671875
223,8.29097032546997,1.7688409043244548,-11.93981647491455,-1321.837890625
224,8.325016260147095,1.7693088194724969,-11.99659252166748,-1321.857666015625
225,8.364063024520874,1.7649282848564631,-12.05491828918457,-1321.8759765625
226,8.399158716201782,1.7667998300605126,-12.115882873535156,-1321.8944091796875
227,8.430638313293457,1.7791398081342762,-12.175252914428711,-1321.9112548828125
228,8.464350700378418,1.7543835347705365,-12.233609199523926,-1321.926513671875
229,8.49966287612915,1.760648951822687,-12.292720794677734,-1321.94091796875
230,8.533597946166992,1.7749138719807587,-12.352193832397461,-1321.95458984375
231,8.567748308181763,1.7743828444837701,-12.412765502929688,-1321.9669189453125
232,8.603930234909058,1.754868749854748,-12.472461700439453,-1321.9781494140625
233,8.637057065963745,1.777969863953991,-12.53272819519043,-1321.98828125
234,8.672106981277466,1.7555016653511297,-12.592809677124023,-1321.997314453125
235,8.706472158432007,1.757353072919882,-12.653092384338379,-1322.005615234375
236,8.741150140762329,1.7572194866044462,-12.71358585357666,-1322.012451171875
237,8.775251388549805,1.7676133196730879,-12.77408504486084,-1322.0184326171875
238,8.809343099594116,1.7678972865134845,-12.834579467773438,-1322.023193359375
239,8.846121788024902,1.7605792771986093,-12.89540958404541,-1322.0267333984375
240,8.881223201751709,1.7555705648488882,-12.956897735595703,-1322.029296875
241,8.915098905563354,1.7627163890733168,-13.018442153930664,-1322.0311279296875
242,8.952116250991821,1.7541354614396787,-13.080039024353027,-1322.0313720703125
243,8.986308813095093,1.7596292875437363,-13.142434120178223,-1322.0311279296875
244,9.02235722541809,1.7589968590789058,-13.204049110412598,-1322.0291748046875
245,9.057264566421509,1.7652012750070694,-13.266437530517578,-1322.0263671875
246,9.091580152511597,1.7648135285821882,-13.327668190002441,-1322.0224609375
247,9.128987550735474,1.7505807332935883,-13.3892822265625,-1322.017333984375
248,9.161796808242798,1.7568220216274013,-13.452016830444336,-1322.010986328125
249,9.1961989402771,1.7560769106773364,-13.513127326965332,-1322.0040283203125
250,9.231905460357666,1.7587635585949153,-13.573040962219238,-1321.99560546875
251,9.265951156616211,1.744150811116744,-13.633657455444336,-1321.986328125
252,9.30233883857727,1.772029739020892,-13.693439483642578,-1321.9757080078125
253,9.337934970855713,1.7494591859849287,-13.753706932067871,-1321.9638671875
254,9.371787548065186,1.7498056478371145,-13.813793182373047,-1321.951416015625
255,9.406744003295898,1.751772335904041,-13.872869491577148,-1321.93798828125
256,9.44074535369873,1.755060675271127,-13.93153190612793,-1321.9234619140625
257,9.475051403045654,1.7535274725511585,-13.989898681640625,-1321.9080810546875
258,9.507866621017456,1.7506249792642887,-14.048176765441895,-1321.8912353515625
259,9.546295166015625,1.7588226639340017,-14.105850219726562,-1321.87353515625
260,9.58019471168518,1.7621617842865254,-14.165026664733887,-1321.8546142578125
261,9.613105297088623,1.7346661260311598,-14.223015785217285,-1321.83447265625
262,9.650979280471802,1.7482520409952857,-14.27976131439209,-1321.81396484375
263,9.682951927185059,1.7529782211577396,-14.335331916809082,-1321.7926025390625
264,9.717393398284912,1.745228120702369,-14.39055347442627,-1321.7703857421875
265,9.751236200332642,1.7473306178999244,-14.445180892944336,-1321.7471923828125
266,9.784186124801636,1.7670342333835818,-14.50061321258545,-1321.72265625
267,9.819504499435425,1.7424510663810902,-14.554372787475586,-1321.6973876953125
268,9.852607011795044,1.7476244884582748,-14.60873794555664,-1321.671142578125
269,9.88762640953064,1.7447455128870604,-14.661581039428711,-1321.6441650390625
270,9.92031741142273,1.7407828666231908,-14.714142799377441,-1321.616455078125
271,9.955344200134277,1.7490575755236828,-14.766632080078125,-1321.58740234375
272,9.98929214477539,1.744665469000612,-14.818273544311523,-1321.557373046875
273,10.023200988769531,1.7547067290034815,-14.868976593017578,-1321.5267333984375
274,10.057502746582031,1.7465507289758768,-14.91958236694336,-1321.4954833984375
275,10.091122388839722,1.7617862062777203,-14.969337463378906,-1321.4630126953125
276,10.125598192214966,1.7431787938894936,-15.018747329711914,-1321.43017578125
277,10.15953779220581,1.747131802154723,-15.067388534545898,-1321.39599609375
278,10.192535161972046,1.7449941424496986,-15.116227149963379,-1321.3607177734375
279,10.229069709777832,1.734782118544906,-15.163519859313965,-1321.3251953125
280,10.262871026992798,1.7439358793950188,-15.211235046386719,-1321.288330078125
281,10.295840740203857,1.7423422227624912,-15.257879257202148,-1321.2503662109375
282,10.329618215560913,1.7508188055733924,-15.304252624511719,-1321.2120361328125
283,10.364431381225586,1.7449119670167992,-15.348294258117676,-1321.173583984375
284,10.398415327072144,1.7444540159967057,-15.392557144165039,-1321.134033203125
285,10.432824850082397,1.7480654888395506,-15.435757637023926,-1321.0938720703125
286,10.465964078903198,1.7389104234400579,-15.478744506835938,-1321.0526123046875
287,10.50213623046875,1.7370579379009334,-15.520576477050781,-1321.010986328125
288,10.535921335220337,1.7408221285224947,-15.562718391418457,-1320.9681396484375
289,10.570101261138916,1.7404128471661207,-15.603141784667969,-1320.925048828125
290,10.602006673812866,1.730203064679683,-15.643152236938477,-1320.88134765625
291,10.637225866317749,1.7605574954829009,-15.681997299194336,-1320.8367919921875
292,10.672111988067627,1.7357229260888984,-15.7202730178833,-1320.7913818359375
293,10.705206394195557,1.743308661476258,-15.757527351379395,-1320.7454833984375
294,10.740447282791138,1.742544806633892,-15.794347763061523,-1320.69921875
295,10.772485494613647,1.731296922032895,-15.830483436584473,-1320.6513671875
296,10.807005167007446,1.7382784507079454,-15.865188598632812,-1320.6046142578125
297,10.841099977493286,1.7384281674077102,-15.899134635925293,-1320.5560302734375
298,10.875010251998901,1.732859801859698,-15.932501792907715,-1320.5072021484375
299,10.909959316253662,1.742523558079184,-15.96490478515625,-1320.4580078125
300,10.941903591156006,1.744546507616342,-15.996682167053223,-1320.407958984375
301,10.978938817977905,1.7362264722168392,-16.02728843688965,-1320.357666015625
302,11.01295804977417,1.7428266925556384,-16.058366775512695,-1320.3052978515625
303,11.045078992843628,1.737171555830519,-16.08759880065918,-1320.2528076171875
304,11.080105781555176,1.7222720635269684,-16.11583137512207,-1320.200927734375
305,11.114972114562988,1.741328063546801,-16.142871856689453,-1320.148681640625
306,11.148972749710083,1.730344482411709,-16.169490814208984,-1320.0947265625
307,11.185078382492065,1.7284910286905857,-16.19507598876953,-1320.040771484375
308,11.220057964324951,1.7346989629564655,-16.220399856567383,-1319.985595703125
309,11.255004405975342,1.7495981499483861,-16.24400520324707,-1319.9305419921875
310,11.29011607170105,1.7230508404455083,-16.267324447631836,-1319.8746337890625
311,11.32499623298645,1.7427017909218498,-16.28928565979004,-1319.81787109375
312,11.362090110778809,1.728583566138158,-16.310321807861328,-1319.760986328125
313,11.397605895996094,1.7321983497676408,-16.3309326171875,-1319.7030029296875
314,11.434098720550537,1.7299988541409204,-16.350479125976562,-1319.6436767578125
315,11.469423055648804,1.737789935798973,-16.36873435974121,-1319.5849609375
316,11.508379697799683,1.7475807979255376,-16.386234283447266,-1319.525146484375
317,11.543352127075195,1.734144031896346,-16.402498245239258,-1319.4647216796875
318,11.578747749328613,1.7109651431847825,-16.417593002319336,-1319.404296875
319,11.614883422851562,1.7377446335709346,-16.432178497314453,-1319.3426513671875
320,11.654186487197876,1.730785837879979,-16.44489097595215,-1319.2816162109375
321,11.690228700637817,1.7407600250482183,-16.457237243652344,-1319.2197265625
322,11.726875066757202,1.7349177174085482,-16.46803092956543,-1319.1573486328125
323,11.764568090438843,1.7231843456493008,-16.478063583374023,-1319.0948486328125
324,11.802521467208862,1.7407807482348614,-16.48682403564453,-1319.0316162109375