,time,speed,x_coordinate,y_coordinate
0,0.2038745880126953,0.023780592495966896,-10.00004768371582,-1309.0048828125
1,0.2537407875061035,0.11526350928147061,-10.000102996826172,-1309.0118408203125
2,0.2996184825897217,0.19120509501940572,-10.000195503234863,-1309.02734375
3,0.34050941467285156,0.240867709183094,-10.000114440917969,-1309.049072265625
4,0.3804023265838623,0.310027822446321,-10.00013542175293,-1309.0765380859375
5,0.4212934970855713,0.3793123618924688,-10.000082015991211,-1309.1112060546875
6,0.4571976661682129,0.4317471385131732,-10.000130653381348,-1309.1473388671875
7,0.4901094436645508,0.5219537399554138,-10.00016975402832,-1309.1812744140625
8,0.5210263729095459,0.5852491515707798,-10.000099182128906,-1309.214111328125
9,0.5519442558288574,0.6371909986524904,-9.999960899353027,-1309.2445068359375
10,0.5840091705322266,0.6745836242906169,-10.000011444091797,-1309.273193359375
11,0.6179180145263672,0.7139929045602178,-10.00015640258789,-1309.3009033203125
12,0.6498720645904541,0.763819717519738,-10.000186920166016,-1309.32861328125
13,0.6856043338775635,0.7847984194274568,-10.000136375427246,-1309.3565673828125
14,0.7195143699645996,0.823020207588328,-9.999994277954102,-1309.3851318359375
15,0.7495055198669434,0.8456753041485224,-9.999956130981445,-1309.414306640625
16,0.7846221923828125,0.8781606783121757,-10.00008487701416,-1309.4429931640625
17,0.8186771869659424,0.9095279563557516,-10.00017261505127,-1309.4735107421875
18,0.8516213893890381,0.9371548230336433,-10.000123023986816,-1309.5042724609375
19,0.8836064338684082,0.9540070079575552,-9.999960899353027,-1309.5361328125
20,0.9165453910827637,0.9843094579311639,-9.999945640563965,-1309.568603515625
21,0.9504275321960449,1.0132609443902179,-10.000059127807617,-1309.6015625
22,0.9824285507202148,1.0395159307570951,-10.000134468078613,-1309.6358642578125
23,1.015665054321289,1.0515124255419874,-10.000043869018555,-1309.6710205078125
24,1.050839900970459,1.0865901626956709,-9.999987602233887,-1309.7061767578125
25,1.0896847248077393,1.104293657545271,-10.000029563903809,-1309.743408203125
26,1.1226801872253418,1.1320977753792973,-10.000077247619629,-1309.7825927734375
27,1.1556730270385742,1.1458315405710127,-10.000025749206543,-1309.82177734375
28,1.1917192935943604,1.179001336182823,-10.000016212463379,-1309.862060546875
29,1.2272870540618896,1.2018825098572128,-10.000009536743164,-1309.90234375
30,1.2622966766357422,1.2123861656288126,-9.999982833862305,-1309.9444580078125
31,1.3132941722869873,1.2447175986772532,-10.000028610229492,-1310.008544921875
32,1.3495819568634033,1.2635978158957528,-10.000029563903809,-1310.0526123046875
33,1.3834912776947021,1.2844510079768612,-10.00001049041748,-1310.096435546875
34,1.4175100326538086,1.301604630925721,-10.000035285949707,-1310.1419677734375
35,1.453636646270752,1.3168638011243774,-10.000030517578125,-1310.1873779296875
36,1.4886579513549805,1.3436199899623371,-10.000004768371582,-1310.235107421875
37,1.52227783203125,1.3584727667189367,-9.999991416931152,-1310.282470703125
38,1.5556657314300537,1.3665712548963667,-9.999957084655762,-1310.32958984375
39,1.5916378498077393,1.3959135093161879,-9.999934196472168,-1310.377197265625
40,1.6265714168548584,1.4152208680813894,-9.999933242797852,-1310.425537109375
41,1.6637272834777832,1.419824340959439,-9.999932289123535,-1310.4742431640625
42,1.6976444721221924,1.4394329821871803,-9.999955177307129,-1310.5242919921875
43,1.7326409816741943,1.4490472691250944,-9.999961853027344,-1310.574951171875
44,1.7666995525360107,1.4662769050904207,-9.999981880187988,-1310.625244140625
45,1.8016357421875,1.4815684783694705,-9.999968528747559,-1310.6768798828125
46,1.8406245708465576,1.4851157717140717,-9.999946594238281,-1310.728759765625
47,1.872938632965088,1.507243435504335,-9.999942779541016,-1310.78271484375
48,1.9074366092681885,1.514642735042617,-9.99990463256836,-1310.8365478515625
49,1.942342758178711,1.5321910541730437,-9.999927520751953,-1310.8890380859375
50,1.9794349670410156,1.5476621843717628,-9.99992561340332,-1310.942138671875
51,2.011643648147583,1.5460238644126412,-9.999911308288574,-1310.9962158203125
52,2.049557685852051,1.5640603786422889,-9.999906539916992,-1311.050048828125
53,2.0832760334014893,1.567319055188733,-9.99985122680664,-1311.1051025390625
54,2.1165273189544678,1.590252166438358,-9.999863624572754,-1311.1610107421875
55,2.1524620056152344,1.6042339436802044,-9.999822616577148,-1311.216796875
56,2.18987774848938,1.6059015554677145,-9.999836921691895,-1311.272705078125
57,2.223090887069702,1.6150648545817172,-9.999869346618652,-1311.3299560546875
58,2.2583768367767334,1.6142567757320414,-9.999863624572754,-1311.3865966796875
59,2.293095111846924,1.6341279489958547,-9.999870300292969,-1311.4437255859375
60,2.3266994953155518,1.6351991716660912,-9.999788284301758,-1311.5010986328125
61,2.3625593185424805,1.657357691586723,-9.999797821044922,-1311.5587158203125
62,2.397815704345703,1.6615034547288612,-9.999738693237305,-1311.61669921875
63,2.4317736625671387,1.6685226142641345,-9.999715805053711,-1311.6746826171875
64,2.4664227962493896,1.681953060801122,-9.999699592590332,-1311.7332763671875
65,2.5024149417877197,1.677143550003112,-9.999700546264648,-1311.7911376953125
66,2.5387139320373535,1.6882733883122896,-9.999733924865723,-1311.849365234375
67,2.5728578567504883,1.6873838854417298,-9.99968433380127,-1311.9102783203125
68,2.6057963371276855,1.704596886834644,-9.99969482421875,-1311.9698486328125
69,2.6402881145477295,1.7063020025656759,-9.999608039855957,-1312.02880859375
70,2.6752967834472656,1.7248242268139118,-9.999651908874512,-1312.087890625
71,2.709538698196411,1.7192546770668393,-9.999606132507324,-1312.1473388671875
72,2.7440295219421387,1.7338983640566386,-9.999638557434082,-1312.2066650390625
73,2.7793169021606445,1.735169569208238,-9.99962043762207,-1312.2666015625
74,2.8139119148254395,1.7392247362837916,-9.999614715576172,-1312.3262939453125
75,2.849632740020752,1.7508589235529413,-9.999612808227539,-1312.3875732421875
76,2.882547378540039,1.7461367160746382,-9.999582290649414,-1312.44775390625
77,2.91825795173645,1.7622082839996007,-9.99963092803955,-1312.50927734375
78,2.9552745819091797,1.7574965896036872,-9.999603271484375,-1312.5699462890625
79,2.9901583194732666,1.773343208120176,-9.999663352966309,-1312.633544921875
80,3.0220727920532227,1.7679875669626892,-9.999621391296387,-1312.6954345703125
81,3.0569798946380615,1.782830478880403,-9.9996919631958,-1312.755859375
82,3.091948986053467,1.780208349244663,-9.999648094177246,-1312.8173828125
83,3.1266534328460693,1.7944001902123468,-9.999676704406738,-1312.8790283203125
84,3.1619668006896973,1.791636772575861,-9.999621391296387,-1312.94091796875
85,3.196701765060425,1.8052443060723662,-9.999655723571777,-1313.0028076171875
86,3.2318270206451416,1.7996991573707735,-9.999649047851562,-1313.06591796875
87,3.2649590969085693,1.8130932107018254,-9.999665260314941,-1313.128173828125
88,3.3008508682250977,1.8099752005690994,-9.999638557434082,-1313.191650390625
89,3.3386988639831543,1.821638903346414,-9.999674797058105,-1313.255126953125
90,3.372657060623169,1.819342171476413,-9.999711990356445,-1313.3179931640625
91,3.407660961151123,1.8298950240448804,-9.999747276306152,-1313.383544921875
92,3.4420857429504395,1.8290326697610697,-9.999722480773926,-1313.44677734375
93,3.4756736755371094,1.8369618430777406,-9.999734878540039,-1313.5108642578125
94,3.510204315185547,1.8381179308637585,-9.99974250793457,-1313.574462890625
95,3.544177532196045,1.8438811670134223,-9.999792098999023,-1313.638916015625
96,3.579246997833252,1.845703465663952,-9.999825477600098,-1313.7027587890625
97,3.614426374435425,1.8510219434998456,-9.99984073638916,-1313.7674560546875
98,3.649693012237549,1.8542914463742997,-9.999841690063477,-1313.8314208984375
99,3.684079170227051,1.8590613900968984,-9.99985408782959,-1313.8963623046875
100,3.721336841583252,1.861057293143636,-9.999853134155273,-1313.960693359375
101,3.755969762802124,1.866845855299329,-9.999861717224121,-1314.0277099609375
102,3.7899060249328613,1.867564488485216,-9.999886512756348,-1314.0941162109375
103,3.8233630657196045,1.875178992892308,-9.999932289123535,-1314.15869140625
104,3.8598408699035645,1.8752599367490366,-9.999947547912598,-1314.2235107421875
105,3.893925189971924,1.8828207269680726,-9.99996566772461,-1314.288330078125
106,3.928314208984375,1.8826250252098857,-9.999970436096191,-1314.354248046875
107,3.964386224746704,1.8904774720660174,-10.000019073486328,-1314.4202880859375
108,4.000738143920898,1.888595267637334,-10.00005054473877,-1314.486572265625
109,4.034732818603516,1.8980529073379695,-10.000086784362793,-1314.5528564453125
110,4.071570158004761,1.8949410465321526,-10.000082015991211,-1314.6202392578125
111,4.1054911613464355,1.9057380227624492,-10.000118255615234,-1314.6885986328125
112,4.140814781188965,1.9011415197826267,-10.00013542175293,-1314.75537109375
113,4.176205396652222,1.9119267744671764,-10.00020694732666,-1314.8211669921875
114,4.211896657943726,1.9079523568697232,-10.000238418579102,-1314.8890380859375
115,4.247601509094238,1.919632975710475,-10.000277519226074,-1314.95703125
116,4.282511472702026,1.9179361834687314,-10.000253677368164,-1315.025146484375
117,4.317521095275879,1.926638003333987,-10.000282287597656,-1315.0924072265625
118,4.35593056678772,1.9246325715735257,-10.000292778015137,-1315.16064453125
119,4.389265537261963,1.931810519802464,-10.000351905822754,-1315.2301025390625
120,4.4235451221466064,1.9286780592562418,-10.000370979309082,-1315.297607421875
121,4.458008766174316,1.9369305755504893,-10.000443458557129,-1315.3653564453125
122,4.493730545043945,1.9360431226491377,-10.000471115112305,-1315.4329833984375
123,4.529796838760376,1.9432374529795913,-10.000536918640137,-1315.5008544921875
124,4.565142869949341,1.9399760163153208,-10.000553131103516,-1315.5697021484375
125,4.60308575630188,1.9456522758897166,-10.000588417053223,-1315.638671875
126,4.639419078826904,1.9459558935872454,-10.000617027282715,-1315.7076416015625
127,4.670336484909058,1.9487024143206748,-10.000670433044434,-1315.77783203125
128,4.706719636917114,1.9522488476030802,-10.000722885131836,-1315.8470458984375
129,4.740652322769165,1.9502707139081006,-10.000736236572266,-1315.9144287109375
130,4.774615049362183,1.9578123868346347,-10.0007905960083,-1315.9827880859375
131,4.809765100479126,1.9544184759335954,-10.000844955444336,-1316.0513916015625
132,4.845682621002197,1.9617478751714932,-10.000931739807129,-1316.1190185546875
133,4.879657745361328,1.9589316728294384,-10.000950813293457,-1316.187744140625
134,4.914623975753784,1.9676541212959275,-10.001012802124023,-1316.2564697265625
135,4.950634241104126,1.965345339027006,-10.001028060913086,-1316.325439453125
136,4.98433780670166,1.9750436736761339,-10.001090049743652,-1316.393310546875
137,5.021628379821777,1.971590879727098,-10.001119613647461,-1316.4622802734375
138,5.05465030670166,1.979537052811843,-10.001201629638672,-1316.5333251953125
139,5.088912725448608,1.9765374177654824,-10.00124454498291,-1316.6014404296875
140,5.124314546585083,1.9835964147223337,-10.00131607055664,-1316.669677734375
141,5.158664226531982,1.9814367991366957,-10.001346588134766,-1316.738037109375
142,5.194836378097534,1.9850723816799312,-10.00140380859375,-1316.8074951171875
143,5.228532552719116,1.985810151318794,-10.00145435333252,-1316.8768310546875
144,5.26261305809021,1.9876881951668564,-10.001510620117188,-1316.9454345703125
145,5.2975921630859375,1.9905635222449147,-10.001594543457031,-1317.0140380859375
146,5.3323655128479,1.9885613988790787,-10.001663208007812,-1317.0838623046875
147,5.367420673370361,1.9934765044067635,-10.001741409301758,-1317.152587890625
148,5.403537034988403,1.9908179057943762,-10.001802444458008,-1317.222412109375
149,5.437572479248047,1.9966767055240768,-10.001900672912598,-1317.293212890625
150,5.471691131591797,1.9954516660878818,-10.001944541931152,-1317.3631591796875
151,5.505982398986816,2.002918712083994,-10.00202465057373,-1317.43212890625
152,5.541585683822632,1.9990794464143284,-10.002069473266602,-1317.5010986328125
153,5.576604127883911,2.0083180115302666,-10.002158164978027,-1317.5711669921875
154,5.611011743545532,2.0047260384735823,-10.002213478088379,-1317.640380859375
155,5.64734411239624,2.0120874110363642,-10.002302169799805,-1317.710693359375
156,5.680958271026611,2.010072011890292,-10.002364158630371,-1317.781005859375
157,5.717128038406372,2.012450530541818,-10.002447128295898,-1317.8504638671875
158,5.750809192657471,2.0138193031311227,-10.002530097961426,-1317.921875
159,5.787731409072876,2.011710315270072,-10.00259017944336,-1317.992431640625
160,5.819680213928223,2.0158617421656135,-10.002685546875,-1318.0628662109375
161,5.855550527572632,2.01350853184141,-10.002753257751465,-1318.1334228515625
162,5.893948793411255,2.0184606790386597,-10.002853393554688,-1318.203125
163,5.926588535308838,2.0168720743195325,-10.002881050109863,-1318.2728271484375
164,5.962038278579712,2.024684656628133,-10.0029878616333,-1318.3436279296875
165,5.996016025543213,2.020317061316377,-10.003036499023438,-1318.4134521484375
166,6.029463291168213,2.029305235254815,-10.003118515014648,-1318.484375
167,6.064319849014282,2.0256742163253065,-10.003162384033203,-1318.5552978515625
168,6.099447965621948,2.03125970064503,-10.00326156616211,-1318.6263427734375
169,6.138096332550049,2.0306237173936155,-10.003360748291016,-1318.6973876953125
170,6.171116352081299,2.0302974455714975,-10.003473281860352,-1318.7694091796875
171,6.204338073730469,2.032621371624044,-10.003592491149902,-1318.8414306640625
172,6.240331172943115,2.0291064256052636,-10.00367546081543,-1318.9114990234375
173,6.2746570110321045,2.034997753421781,-10.003805160522461,-1318.981689453125
174,6.570749759674072,2.032956027522614,-10.003888130187988,-1319.052978515625
175,6.605723142623901,2.0575527983296507,-10.004356384277344,-1319.656005859375
176,6.639631986618042,2.054983519109092,-10.002558708190918,-1319.7266845703125
177,6.674628973007202,2.0782894687316933,-9.998799324035645,-1319.798583984375
178,6.71011757850647,2.0809096977655215,-9.993216514587402,-1319.8697509765625
179,6.744506597518921,2.08770746797835,-9.985361099243164,-1319.94091796875
180,6.778538703918457,2.0745572554446534,-9.975065231323242,-1320.0130615234375
181,6.813517808914185,2.0906469696570067,-9.962528228759766,-1320.0838623046875
182,6.849273443222046,2.084810879176301,-9.947010040283203,-1320.1553955078125
183,6.8826680183410645,2.088658200277682,-9.929518699645996,-1320.2261962890625
184,6.9205827713012695,2.09533043410525,-9.909393310546875,-1320.295654296875
185,6.955549716949463,2.088958469481061,-9.887104034423828,-1320.367431640625
186,6.987752437591553,2.08903794498868,-9.862610816955566,-1320.4365234375
187,7.0224339962005615,2.09195911588661,-9.83614444732666,-1320.5040283203125
188,7.057093620300293,2.0962670521148237,-9.807445526123047,-1320.5701904296875
189,7.093834638595581,2.1009914261296996,-9.776029586791992,-1320.6358642578125
190,7.129255056381226,2.110553843762579,-9.742528915405273,-1320.701416015625
191,7.167680025100708,2.1012828633680525,-9.705801010131836,-1320.7667236328125
192,7.202746868133545,2.080465866674151,-9.667057991027832,-1320.83056640625
193,7.238150596618652,2.1157484238905693,-9.625822067260742,-1320.892822265625
194,7.271111488342285,2.09929280183054,-9.58286190032959,-1320.955078125
195,7.308013677597046,2.1262859476805795,-9.539011001586914,-1321.0157470703125
196,7.343471527099609,2.080321649409527,-9.494643211364746,-1321.074951171875
197,7.381505489349365,2.123528739856572,-9.448234558105469,-1321.134765625
198,7.424722909927368,2.096633118725399,-9.400659561157227,-1321.194091796875
199,7.458702325820923,2.124242413910854,-9.350089073181152,-1321.2547607421875
200,7.490586757659912,2.09873205588226,-9.298733711242676,-1321.314697265625
201,7.525702714920044,2.1097385808469244,-9.24804401397705,-1321.3709716796875
202,7.5627219676971436,2.0945724955760214,-9.197383880615234,-1321.4256591796875
203,7.598783016204834,2.1065729513997438,-9.144889831542969,-1321.48046875
204,7.637725591659546,2.106220387056382,-9.091450691223145,-1321.5338134765625
205,7.674767255783081,2.0996388597468956,-9.03585433959961,-1321.588134765625
206,7.71110987663269,2.0857665978062427,-8.979561805725098,-1321.639892578125
207,7.753971338272095,2.097048752659253,-8.922768592834473,-1321.6910400390625
208,7.785883903503418,2.0948814351177205,-8.863262176513672,-1321.7420654296875
209,7.821277141571045,2.080831201510489,-8.802605628967285,-1321.7918701171875
210,7.857176303863525,2.0835346248606266,-8.742857933044434,-1321.8392333984375
211,7.893913269042969,2.098276933994455,-8.682660102844238,-1321.8846435546875
212,7.931809663772583,2.0894578295136768,-8.621219635009766,-1321.9296875
213,7.968603610992432,2.095256550490901,-8.557962417602539,-1321.9742431640625
214,8.006592273712158,2.0784661652084697,-8.494650840759277,-1322.016845703125
215,8.043733596801758,2.094069252408284,-8.428984642028809,-1322.059326171875
216,8.079722166061401,2.087063664194435,-8.364094734191895,-1322.0994873046875
217,8.11518931388855,2.090570453187784,-8.298627853393555,-1322.1383056640625
218,8.153485298156738,2.0914855542371655,-8.2318115234375,-1322.1767578125
219,8.189289093017578,2.0755778707069474,-8.16497802734375,-1322.213134765625
220,8.235161304473877,2.0814374543165006,-8.09763240814209,-1322.2484130859375
221,8.271153211593628,2.0792362857733777,-8.020878791809082,-1322.286376953125
222,8.3031644821167,2.0812076028890245,-7.948310852050781,-1322.3204345703125
223,8.336610078811646,2.072406501480582,-7.8800859451293945,-1322.3514404296875
224,8.372599363327026,2.0819465712533023,-7.810990333557129,-1322.38037109375
225,8.410430669784546,2.0876502151413576,-7.742631912231445,-1322.408203125
226,8.447233438491821,2.0848620182659636,-7.6727519035339355,-1322.4346923828125
227,8.486295461654663,2.0640713066320853,-7.6013593673706055,-1322.46044921875
228,8.522661209106445,2.0696256565593427,-7.529616832733154,-1322.4849853515625
229,8.56054139137268,2.0813134160069717,-7.456286430358887,-1322.5081787109375
230,8.597706079483032,2.0792303244337207,-7.382667064666748,-1322.5302734375
231,8.633583068847656,2.0792713378170466,-7.3076677322387695,-1322.551025390625
232,8.670701265335083,2.069173716167424,-7.233222007751465,-1322.570068359375
233,8.708498001098633,2.080112589985432,-7.158694267272949,-1322.587646484375
234,8.744184255599976,2.071166765098534,-7.083547115325928,-1322.603759765625
235,8.785165071487427,2.0663169996875386,-7.008296012878418,-1322.61865234375
236,8.821784257888794,2.0768726749063298,-6.930870056152344,-1322.6326904296875
237,8.855693578720093,2.0656382077642093,-6.854200839996338,-1322.6446533203125
238,8.893532514572144,2.0751238677078003,-6.779391765594482,-1322.655029296875
239,8.931215763092041,2.070155758518289,-6.702104568481445,-1322.6639404296875
240,8.9680917263031,2.070514492488526,-6.627001762390137,-1322.671142578125
241,9.006145477294922,2.067450909989925,-6.549650192260742,-1322.677734375
242,9.043654680252075,2.06835648104451,-6.473202705383301,-1322.6820068359375
243,9.080933809280396,2.0744418361629338,-6.395732402801514,-1322.685546875
244,9.117153406143188,2.067312679432159,-6.3193769454956055,-1322.6871337890625
245,9.155966997146606,2.0583294045336404,-6.241922855377197,-1322.6873779296875
246,9.191207885742188,2.063305032574899,-6.165486812591553,-1322.686279296875
247,9.22775411605835,2.069702013298545,-6.0891194343566895,-1322.683349609375
248,9.262636661529541,2.0598617070490817,-6.013817310333252,-1322.6795654296875
249,9.300975561141968,2.0655452944942754,-5.937683582305908,-1322.674072265625
250,9.33773684501648,2.062893784755984,-5.862623691558838,-1322.6671142578125
251,9.376216173171997,2.069903404625581,-5.785877704620361,-1322.65869140625
252,9.412095546722412,2.056915445318171,-5.710079193115234,-1322.648681640625
253,9.449852705001831,2.0475071279459853,-5.6346282958984375,-1322.637451171875
254,9.48689579963684,2.0651602129538174,-5.559403419494629,-1322.625244140625
255,9.52187991142273,2.058998572675486,-5.48347806930542,-1322.61083984375
256,9.558704137802124,2.0698316560665404,-5.409877300262451,-1322.5955810546875
257,9.596807956695557,2.070828525627259,-5.336431503295898,-1322.5787353515625
258,9.631988048553467,2.046338160605612,-5.263585567474365,-1322.5606689453125
259,9.668719053268433,2.053428413297292,-5.190823078155518,-1322.5416259765625
260,9.706174373626709,2.055551480474395,-5.117618083953857,-1322.520263671875
261,9.742966890335083,2.072749038064564,-5.045774459838867,-1322.4984130859375
262,9.778667211532593,2.0648596484668302,-4.97440767288208,-1322.4749755859375
263,9.81797742843628,2.0422570149470016,-4.9024834632873535,-1322.449951171875
264,9.854807615280151,2.062274768157949,-4.832077980041504,-1322.4239501953125
265,9.89075493812561,2.0476725255570196,-4.760313987731934,-1322.395751953125
266,9.92679762840271,2.06338865755896,-4.6909098625183105,-1322.3670654296875
267,9.963981628417969,2.055807782334216,-4.622024059295654,-1322.3372802734375
268,9.999089241027832,2.0558055330113345,-4.5529327392578125,-1322.3055419921875
269,10.036683082580566,2.0510335342838184,-4.485441207885742,-1322.2730712890625
270,10.074314832687378,2.049169789918445,-4.417477607727051,-1322.2386474609375
271,10.110054016113281,2.0660417193417797,-4.35034704208374,-1322.2030029296875
272,10.145973205566406,2.050104440735812,-4.284451961517334,-1322.167236328125
273,10.182708263397217,2.051195534340565,-4.219618797302246,-1322.1295166015625
274,10.221754550933838,2.049820450198017,-4.154415607452393,-1322.090576171875
275,10.260480165481567,2.0594861447464607,-4.090164661407471,-1322.050048828125
276,10.297770023345947,2.047485720249659,-4.025753021240234,-1322.0078125
277,10.336998224258423,2.049446898449723,-3.962031126022339,-1321.9647216796875
278,10.374184846878052,2.055046175634601,-3.898573637008667,-1321.9193115234375
279,10.41254997253418,2.0506368966516377,-3.8357951641082764,-1321.873046875
280,10.450048923492432,2.0548140496376397,-3.774874210357666,-1321.8260498046875
281,10.488806247711182,2.0360599940325317,-3.713937282562256,-1321.77734375
282,10.525846719741821,2.05446246497365,-3.654143810272217,-1321.7276611328125
283,10.564085006713867,2.0462251125523165,-3.5952556133270264,-1321.6766357421875
284,10.600703716278076,2.0540862461715625,-3.5381195545196533,-1321.625244140625
285,10.63851022720337,2.0531680176019185,-3.4810712337493896,-1321.572265625
286,10.676609516143799,2.0449232541641873,-3.426079750061035,-1321.5186767578125
287,10.714954376220703,2.0510009766403057,-3.3713788986206055,-1321.46337890625
288,10.753785371780396,2.0430647757904645,-3.3183963298797607,-1321.4075927734375
289,10.792066812515259,2.0460993524808577,-3.26525616645813,-1321.3494873046875
290,10.830699920654297,2.0373746716620262,-3.212778091430664,-1321.290771484375
291,10.869855880737305,2.0484508632464213,-3.162034749984741,-1321.2303466796875
292,10.910610914230347,2.044399334508908,-3.111495018005371,-1321.1685791015625
293,10.94794249534607,2.0557290865981783,-3.0636727809906006,-1321.107177734375
294,10.989675521850586,2.038680625016242,-3.0158333778381348,-1321.04345703125
295,11.02414345741272,2.056142854086107,-2.968303918838501,-1320.9779052734375
296,11.065454959869385,2.039719620595412,-2.9237334728240967,-1320.912841796875
297,11.105331897735596,2.0415212605728295,-2.879951238632202,-1320.8475341796875
298,11.142238140106201,2.0437085298767093,-2.8374288082122803,-1320.780029296875
299,11.180870771408081,2.040427641139572,-2.7966361045837402,-1320.7127685546875
300,11.220598220825195,2.0495545543420675,-2.7574472427368164,-1320.6455078125
301,11.260529041290283,2.044085577571488,-2.7189247608184814,-1320.575927734375
302,11.296733617782593,2.0456249825221375,-2.6816608905792236,-1320.506591796875
303,11.33351182937622,2.051886987210742,-2.6460020542144775,-1320.435302734375
304,11.37333631515503,2.0408133426893045,-2.611680030822754,-1320.364501953125
305,11.411895990371704,2.050474921207479,-2.5790011882781982,-1320.29296875
306,11.450772762298584,2.04197626373024,-2.5478627681732178,-1320.2208251953125
307,11.487828969955444,2.0420633778879047,-2.5178587436676025,-1320.1480712890625
308,11.52717924118042,2.0387539358692415,-2.489610433578491,-1320.0745849609375
309,11.565282821655273,2.0304058930071447,-2.46199107170105,-1320
310,11.606205224990845,2.044497709645623,-2.4364938735961914,-1319.9256591796875
311,11.644124746322632,2.0355717418077504,-2.4121501445770264,-1319.8497314453125
312,11.68331003189087,2.0511517451259413,-2.3894598484039307,-1319.7745361328125
313,11.723429918289185,2.0330191929179224,-2.3683621883392334,-1319.6988525390625
314,11.76248574256897,2.047432102467046,-2.3482887744903564,-1319.621826171875
315,11.812407493591309,2.038467019991782,-2.329629898071289,-1319.54345703125
316,11.846274375915527,2.0379673247307597,-2.311687469482422,-1319.4595947265625
317,11.884490251541138,2.0521393804898493,-2.2960474491119385,-1319.378662109375
318,11.925328493118286,2.037918292006895,-2.2825796604156494,-1319.3001708984375
319,11.964410781860352,2.036178413308387,-2.2700130939483643,-1319.2196044921875
320,12.005366563796997,2.0417145385427715,-2.2593297958374023,-1319.1396484375
321,12.04636025428772,2.0422573306191594,-2.250098705291748,-1319.0576171875