,time,speed,x_coordinate,y_coordinate
0,0.16160035133361816,0.02443923680247068,-10.000049591064453,-1309.005126953125
1,0.20940232276916504,0.1158262359126834,-10.000141143798828,-1309.0120849609375
2,0.27466869354248047,0.21856645912936057,-10.000106811523438,-1309.037841796875
3,0.31853437423706055,0.2737987859079138,-10.000166893005371,-1309.0621337890625
4,0.36014771461486816,0.3504945109045125,-10.000096321105957,-1309.09326171875
5,0.3990447521209717,0.40168710230502275,-10.000117301940918,-1309.1297607421875
6,0.4439244270324707,0.5187513413899398,-10.000187873840332,-1309.180419921875
7,0.47324633598327637,0.5823416083450191,-10.00011920928955,-1309.2125244140625
8,0.5056145191192627,0.6301524905612856,-9.99997329711914,-1309.2412109375
9,0.537205696105957,0.6719190483095744,-9.999983787536621,-1309.2686767578125
10,0.5712225437164307,0.7054344870180245,-10.000139236450195,-1309.2957763671875
11,0.6029887199401855,0.7526071954269101,-10.000203132629395,-1309.32275390625
12,0.6389961242675781,0.7776209472584228,-10.00016975402832,-1309.3504638671875
13,0.6695876121520996,0.8124046020829817,-10.000036239624023,-1309.3779296875
14,0.7034499645233154,0.8345276845031226,-9.999953269958496,-1309.406494140625
15,0.7383897304534912,0.8680849615177694,-10.00007152557373,-1309.4354248046875
16,0.770423173904419,0.9070693581770073,-10.0001802444458,-1309.465576171875
17,0.805419921875,0.9242309089280938,-10.00016975402832,-1309.4962158203125
18,0.8404383659362793,0.952767841151461,-10.000040054321289,-1309.5281982421875
19,0.8743126392364502,0.9747299103812347,-9.999996185302734,-1309.5614013671875
20,0.9108033180236816,1.0103994517313495,-10.000102996826172,-1309.59619140625
21,0.9457728862762451,1.0342859429745719,-10.000198364257812,-1309.63134765625
22,0.9810411930084229,1.0506306347785637,-10.000075340270996,-1309.66796875
23,1.0330464839935303,1.1008641871826725,-9.999981880187988,-1309.7244873046875
24,1.0692188739776611,1.1213618531865535,-10.000031471252441,-1309.76318359375
25,1.1042025089263916,1.1343172982884364,-10.000031471252441,-1309.8028564453125
26,1.1429951190948486,1.1684926967582503,-10.000025749206543,-1309.8431396484375
27,1.1749866008758545,1.1861526691627804,-10.000044822692871,-1309.8861083984375
28,1.2096362113952637,1.2036223163619406,-10.000035285949707,-1309.92822265625
29,1.2453508377075195,1.231167648700843,-10.000042915344238,-1309.970703125
30,1.280369758605957,1.2464124012859645,-10.00008487701416,-1310.01416015625
31,1.315138339996338,1.2630392522529457,-10.000056266784668,-1310.0582275390625
32,1.351118564605713,1.2905984642276802,-10.000003814697266,-1310.1029052734375
33,1.3850786685943604,1.304947499553679,-9.999991416931152,-1310.1490478515625
34,1.4212329387664795,1.3182307482205877,-9.999975204467773,-1310.1951904296875
35,1.4581341743469238,1.3484922378544189,-9.999988555908203,-1310.2418212890625
36,1.4920878410339355,1.3676948577061223,-10.000007629394531,-1310.2906494140625
37,1.5278027057647705,1.3745130499171394,-9.999998092651367,-1310.3385009765625
38,1.5616466999053955,1.3990302804856278,-9.99998950958252,-1310.3870849609375
39,1.5958561897277832,1.4151610516799047,-9.999988555908203,-1310.436279296875
40,1.6322240829467773,1.4249271609765979,-9.999992370605469,-1310.4857177734375
41,1.6672837734222412,1.4387290109180477,-9.999990463256836,-1310.535888671875
42,1.703906774520874,1.4458993747920883,-9.999955177307129,-1310.586669921875
43,1.7371816635131836,1.4722293139540155,-9.999961853027344,-1310.638427734375
44,1.776087999343872,1.4903226469525575,-9.999950408935547,-1310.6900634765625
45,1.8100173473358154,1.4961841598153691,-9.9999418258667,-1310.7442626953125
46,1.8439955711364746,1.5075806615549423,-9.999930381774902,-1310.796875
47,1.8789024353027344,1.5111164656919505,-9.999889373779297,-1310.8507080078125
48,1.9154746532440186,1.5377320004683432,-9.999913215637207,-1310.9041748046875
49,1.951209545135498,1.5508108770147737,-9.999885559082031,-1310.9581298828125
50,2.003958225250244,1.5664210697930223,-9.999926567077637,-1311.040283203125
51,2.038865089416504,1.5733602353374074,-9.99988842010498,-1311.09521484375
52,2.075791835784912,1.5861125975283241,-9.999881744384766,-1311.1510009765625
53,2.1125574111938477,1.6023397649938314,-9.999849319458008,-1311.208251953125
54,2.144462823867798,1.5992139333450004,-9.99983024597168,-1311.2640380859375
55,2.1799116134643555,1.60976218651212,-9.999858856201172,-1311.3211669921875
56,2.214813709259033,1.6136121491774469,-9.999835014343262,-1311.3778076171875
57,2.2503485679626465,1.6377194023972748,-9.999848365783691,-1311.4346923828125
58,2.285243511199951,1.6377748393173606,-9.999792098999023,-1311.4927978515625
59,2.320251941680908,1.652915705331601,-9.999805450439453,-1311.5501708984375
60,2.3592135906219482,1.6648393354867632,-9.999770164489746,-1311.608154296875
61,2.3901474475860596,1.6663474252137327,-9.999743461608887,-1311.6685791015625
62,2.4257516860961914,1.6775547748612407,-9.999748229980469,-1311.7271728515625
63,2.4616715908050537,1.673811811769185,-9.999730110168457,-1311.7850341796875
64,2.496328830718994,1.686905111980639,-9.999757766723633,-1311.8441162109375
65,2.5318078994750977,1.6896660436726303,-9.999683380126953,-1311.9033203125
66,2.5666940212249756,1.7085351202198122,-9.999700546264648,-1311.9637451171875
67,2.602506399154663,1.7050378352575082,-9.999618530273438,-1312.0235595703125
68,2.6368467807769775,1.726843966750845,-9.999663352966309,-1312.084228515625
69,2.674673080444336,1.7203148292459702,-9.99962329864502,-1312.14453125
70,2.7076168060302734,1.7360051958675795,-9.999637603759766,-1312.20751953125
71,2.741525888442993,1.735368002747636,-9.999606132507324,-1312.2674560546875
72,2.7775111198425293,1.7408539666651779,-9.99960708618164,-1312.3282470703125
73,2.813312292098999,1.7514298120785796,-9.999602317810059,-1312.388671875
74,2.8472204208374023,1.7476515458797421,-9.999581336975098,-1312.44970703125
75,2.882624387741089,1.7626678191256178,-9.99963092803955,-1312.5113525390625
76,2.9175069332122803,1.7572239670168925,-9.999592781066895,-1312.5728759765625
77,2.95246958732605,1.7743698161283556,-9.999639511108398,-1312.634765625
78,2.9866373538970947,1.7683545235883091,-9.99959945678711,-1312.69677734375
79,3.024782180786133,1.783538819180669,-9.999691009521484,-1312.7581787109375
80,3.0587985515594482,1.7786848551311647,-9.99967098236084,-1312.822265625
81,3.091460943222046,1.7936643959460703,-9.999725341796875,-1312.884765625
82,3.1271002292633057,1.7911280602494486,-9.999664306640625,-1312.946533203125
83,3.1619999408721924,1.8046432612888625,-9.99967098236084,-1313.0093994140625
84,3.198054313659668,1.802544052655277,-9.999631881713867,-1313.072509765625
85,3.2310893535614014,1.8143901827538234,-9.999665260314941,-1313.1356201171875
86,3.266209840774536,1.8105220942858484,-9.999670028686523,-1313.1990966796875
87,3.3040285110473633,1.8228914309955253,-9.999715805053711,-1313.2625732421875
88,3.3389523029327393,1.8191270327154778,-9.999723434448242,-1313.325439453125
89,3.3755950927734375,1.8304910672754955,-9.999754905700684,-1313.3892822265625
90,3.4075233936309814,1.8284111363880773,-9.999751091003418,-1313.4552001953125
91,3.4425454139709473,1.839402016948356,-9.99977970123291,-1313.519287109375
92,3.4776382446289062,1.8376657118313398,-9.999765396118164,-1313.583740234375
93,3.512315273284912,1.8480720858482689,-9.999791145324707,-1313.648193359375
94,3.5479280948638916,1.8453935553774712,-9.999800682067871,-1313.712890625
95,3.5823516845703125,1.855237156569805,-9.999838829040527,-1313.777587890625
96,3.618293285369873,1.8532577431711732,-9.99985122680664,-1313.842529296875
97,3.65285062789917,1.863607832498354,-9.999881744384766,-1313.907470703125
98,3.68979549407959,1.8601212336612498,-9.999885559082031,-1313.97265625
99,3.7248220443725586,1.8712033167563804,-9.99992561340332,-1314.039794921875
100,3.7589056491851807,1.8672997429582656,-9.999938011169434,-1314.105224609375
101,3.7928555011749268,1.878304243617257,-9.999978065490723,-1314.1707763671875
102,3.8280117511749268,1.8739865938402889,-9.99997615814209,-1314.235595703125
103,3.862879753112793,1.8850626011322906,-10.000014305114746,-1314.3013916015625
104,3.897786855697632,1.880752563504862,-10.00001335144043,-1314.366455078125
105,3.932797908782959,1.8931074244275934,-10.00005054473877,-1314.4324951171875
106,3.9679388999938965,1.8878245221304013,-10.000041961669922,-1314.498779296875
107,4.003636360168457,1.9002705812480096,-10.000073432922363,-1314.5650634765625
108,4.0414206981658936,1.8974319740990153,-10.000085830688477,-1314.6324462890625
109,4.076418399810791,1.907599694723091,-10.000143051147461,-1314.700927734375
110,4.109311819076538,1.9044675054270328,-10.000155448913574,-1314.767578125
111,4.145013332366943,1.9142572983198274,-10.00019645690918,-1314.8343505859375
112,4.180245399475098,1.910233143388081,-10.000201225280762,-1314.9012451171875
113,4.216167688369751,1.9182987688925268,-10.000262260437012,-1314.96923828125
114,4.252063274383545,1.9156685187378502,-10.000269889831543,-1315.0372314453125
115,4.285585165023804,1.924623242717261,-10.000322341918945,-1315.1044921875
116,4.324178457260132,1.9234443105567551,-10.00032901763916,-1315.1727294921875
117,4.358193635940552,1.9303558110804495,-10.000411987304688,-1315.2431640625
118,4.393732070922852,1.9274199515813237,-10.00045394897461,-1315.310546875
119,4.42877984046936,1.9343462894311187,-10.000494956970215,-1315.3792724609375
120,4.464448928833008,1.9346508823072825,-10.00052261352539,-1315.4468994140625
121,4.499711036682129,1.9382710452144276,-10.000582695007324,-1315.5157470703125
122,4.5349342823028564,1.940928005943712,-10.000656127929688,-1315.58447265625
123,4.572913408279419,1.9396234115050237,-10.000697135925293,-1315.654541015625
124,4.612419128417969,1.9468329217194469,-10.000728607177734,-1315.7254638671875
125,4.642441511154175,1.9435067287010188,-10.000711441040039,-1315.794677734375
126,4.679263591766357,1.9524201891623933,-10.000763893127441,-1315.8629150390625
127,4.712080240249634,1.9496765065626005,-10.000778198242188,-1315.9312744140625
128,4.74722146987915,1.960210933505324,-10.000825881958008,-1315.9996337890625
129,4.781621217727661,1.9572654301215184,-10.000836372375488,-1316.068115234375
130,4.817562818527222,1.9667620772065697,-10.000916481018066,-1316.1376953125
131,4.850775718688965,1.9621612427407098,-10.000988006591797,-1316.2064208984375
132,4.887239456176758,1.969956407382136,-10.001082420349121,-1316.274169921875
133,4.923231363296509,1.9687273390625637,-10.001119613647461,-1316.343994140625
134,4.957223892211914,1.9747634223789412,-10.001182556152344,-1316.4139404296875
135,4.991955280303955,1.9719308693825095,-10.001224517822266,-1316.48291015625
136,5.026565790176392,1.9755427840965518,-10.001290321350098,-1316.5511474609375
137,5.061014413833618,1.977401486139716,-10.00134563446045,-1316.6192626953125
138,5.095916509628296,1.978019336932364,-10.001386642456055,-1316.6876220703125
139,5.130695581436157,1.981918218653883,-10.001433372497559,-1316.7568359375
140,5.166828870773315,1.9793844499233972,-10.00147819519043,-1316.8251953125
141,5.200538396835327,1.9858300875454122,-10.00154972076416,-1316.8946533203125
142,5.235156774520874,1.9822961430959234,-10.001585960388184,-1316.9642333984375
143,5.269047260284424,1.989297017237401,-10.001664161682129,-1317.0338134765625
144,5.307568311691284,1.9867278605659644,-10.001715660095215,-1317.1025390625
145,5.340335845947266,1.9970110968527828,-10.001832008361816,-1317.1732177734375
146,5.376171588897705,1.9925961708663176,-10.001884460449219,-1317.242919921875
147,5.410248279571533,2.001930428629011,-10.001948356628418,-1317.311767578125
148,5.446260690689087,1.997112282538334,-10.001975059509277,-1317.3817138671875
149,5.479211091995239,2.005334500530771,-10.002057075500488,-1317.4517822265625
150,5.513253211975098,2.0032273062058614,-10.002120018005371,-1317.5218505859375
151,5.548187732696533,2.0047359653010486,-10.002213478088379,-1317.591064453125
152,5.5836334228515625,2.007093874508966,-10.002305030822754,-1317.66015625
153,5.618179559707642,2.0057973934437148,-10.002376556396484,-1317.73046875
154,5.656891822814941,2.0089379843370354,-10.002458572387695,-1317.8006591796875
155,5.690092086791992,2.0065138347619906,-10.00250244140625,-1317.8720703125
156,5.723059892654419,2.012238028903854,-10.002580642700195,-1317.9434814453125
157,5.757964849472046,2.01077499514789,-10.002620697021484,-1318.012939453125
158,5.792956352233887,2.0182379410348323,-10.002720832824707,-1318.0823974609375
159,5.828072547912598,2.014044980719136,-10.002777099609375,-1318.15087890625
160,5.86126708984375,2.023185209057321,-10.002872467041016,-1318.220458984375
161,5.8988823890686035,2.0176795583966816,-10.002947807312012,-1318.2901611328125
162,5.932119131088257,2.025887962441174,-10.003057479858398,-1318.3609619140625
163,5.9663097858428955,2.0242341921503115,-10.003141403198242,-1318.4307861328125
164,6.0024566650390625,2.0263670484564553,-10.003236770629883,-1318.5006103515625
165,6.036429166793823,2.0283672904090575,-10.00332260131836,-1318.572509765625
166,6.073697805404663,2.0248710336600606,-10.003386497497559,-1318.6435546875
167,6.105876922607422,2.0297609658856715,-10.00347900390625,-1318.7154541015625
168,6.14093017578125,2.026378542268677,-10.003546714782715,-1318.7855224609375
169,6.175926208496094,2.0313850200354167,-10.003657341003418,-1318.8555908203125
170,6.210073471069336,2.030229605312262,-10.003726959228516,-1318.9267578125
171,6.246032476425171,2.0375803061459936,-10.003846168518066,-1318.9969482421875
172,6.575285196304321,2.033156979498594,-10.003924369812012,-1319.068115234375
173,6.60950779914856,2.0575008913739454,-10.004654884338379,-1319.740966796875
174,6.643522024154663,2.0664877156397155,-10.002842903137207,-1319.811767578125
175,6.677463054656982,2.0582133054337057,-9.999345779418945,-1319.8826904296875
176,6.713179588317871,2.07419155756288,-9.993409156799316,-1319.953857421875
177,6.748260736465454,2.0708797536826586,-9.985747337341309,-1320.0250244140625
178,6.7814621925354,2.088615239122216,-9.975381851196289,-1320.09619140625
179,6.817052364349365,2.0796854818664707,-9.962935447692871,-1320.1669921875
180,6.853064060211182,2.0873305732840697,-9.94764232635498,-1320.2384033203125
181,6.888585567474365,2.077408583945603,-9.929579734802246,-1320.3095703125
182,6.920551300048828,2.0813410157780874,-9.909958839416504,-1320.381103515625
183,6.955561876296997,2.0908420629295588,-9.887564659118652,-1320.4510498046875
184,6.990633249282837,2.0965605969414436,-9.863845825195312,-1320.519287109375
185,7.025317192077637,2.1052158516111916,-9.837259292602539,-1320.5865478515625
186,7.05927300453186,2.086222715020941,-9.808228492736816,-1320.6531982421875
187,7.095283031463623,2.1084845669336243,-9.777817726135254,-1320.7177734375
188,7.1302571296691895,2.098673629963687,-9.744061470031738,-1320.7835693359375
189,7.166932106018066,2.082275346513086,-9.708300590515137,-1320.847900390625
190,7.203912973403931,2.118204171034715,-9.669609069824219,-1320.9107666015625
191,7.239875555038452,2.0994811775322835,-9.628978729248047,-1320.97314453125
192,7.272822618484497,2.1174155807997845,-9.58554458618164,-1321.0355224609375
193,7.3083062171936035,2.0911634206857816,-9.541932106018066,-1321.09619140625
194,7.344440460205078,2.116977231262561,-9.497588157653809,-1321.1553955078125
195,7.38063645362854,2.099691981783118,-9.45071792602539,-1321.2152099609375
196,7.426698446273804,2.1250667162410037,-9.403643608093262,-1321.2738037109375
197,7.459767580032349,2.114562915803079,-9.352456092834473,-1321.3353271484375
198,7.490737199783325,2.106732071651034,-9.301589012145996,-1321.3946533203125
199,7.525718450546265,2.1029689492796386,-9.251082420349121,-1321.4510498046875
200,7.562705039978027,2.116233110889692,-9.199910163879395,-1321.5059814453125
201,7.599075078964233,2.1086656436418942,-9.148231506347656,-1321.5596923828125
202,7.636737108230591,2.101563304983693,-9.094849586486816,-1321.61376953125
203,7.672821760177612,2.0832217397688466,-9.039730072021484,-1321.6669921875
204,7.709842205047607,2.1022278678867803,-8.9846773147583,-1321.71875
205,7.769688844680786,2.093193377952609,-8.899209976196289,-1321.79443359375
206,7.803159952163696,2.0861538081465696,-8.836942672729492,-1321.84716796875
207,7.83617091178894,2.098032626032776,-8.77650260925293,-1321.8958740234375
208,7.873313903808594,2.085851434892982,-8.717880249023438,-1321.94140625
209,7.91176700592041,2.0990390878187934,-8.657703399658203,-1321.986572265625
210,7.947234153747559,2.0900513353247274,-8.595669746398926,-1322.031005859375
211,7.98494291305542,2.0889194585263104,-8.533828735351562,-1322.0738525390625
212,8.021191120147705,2.0991066645020453,-8.469014167785645,-1322.116455078125
213,8.058212041854858,2.08622915178284,-8.403882026672363,-1322.1578369140625
214,8.094426155090332,2.0877359693955646,-8.338863372802734,-1322.19775390625
215,8.13157343864441,2.0849184598980934,-8.272953987121582,-1322.236083984375
216,8.167784452438354,2.0920937276593667,-8.20576286315918,-1322.2740478515625
217,8.205861330032349,2.080039362280737,-8.138394355773926,-1322.3096923828125
218,8.250404357910156,2.0802175058235917,-8.068805694580078,-1322.3453369140625
219,8.285125255584717,2.08812412538565,-7.993695259094238,-1322.3818359375
220,8.317427635192871,2.094928837819212,-7.922562599182129,-1322.414306640625
221,8.3504319190979,2.086445017491032,-7.8539934158325195,-1322.444580078125
222,8.387487411499023,2.0720444088371863,-7.785679817199707,-1322.4727783203125
223,8.425305128097534,2.0802386824283423,-7.716079235076904,-1322.5003662109375
224,8.464126110076904,2.0762425181832027,-7.6459879875183105,-1322.526611328125
225,8.500984907150269,2.0837174489757806,-7.575131893157959,-1322.551513671875
226,8.535887002944946,2.083550399120318,-7.503129482269287,-1322.5753173828125
227,8.574265956878662,2.0822689449510383,-7.4298224449157715,-1322.5985107421875
228,8.610782623291016,2.0812138157584736,-7.355958461761475,-1322.6197509765625
229,8.646538257598877,2.071355686469542,-7.281827926635742,-1322.639892578125
230,8.684349060058594,2.0821851393373585,-7.208031177520752,-1322.6578369140625
231,8.722824096679688,2.0648570240654758,-7.134322166442871,-1322.6748046875
232,8.757388591766357,2.0783262742886306,-7.057135105133057,-1322.691162109375
233,8.794617652893066,2.0775329703228023,-6.982671737670898,-1322.705078125
234,8.831467866897583,2.0807451975579436,-6.906182765960693,-1322.7183837890625
235,8.868881464004517,2.063597442081885,-6.831258296966553,-1322.729248046875
236,8.906120777130127,2.064475612858863,-6.755291938781738,-1322.7393798828125
237,8.943018913269043,2.0851160579942944,-6.679063320159912,-1322.7479248046875
238,8.979774236679077,2.0757721828688354,-6.603699684143066,-1322.7547607421875
239,9.017129182815552,2.072470175968152,-6.527294635772705,-1322.760498046875
240,9.054075479507446,2.0592519066377757,-6.4507527351379395,-1322.7646484375
241,9.092207670211792,2.0707556271831824,-6.373314380645752,-1322.7674560546875
242,9.129714965820312,2.070531834477966,-6.296802043914795,-1322.768798828125
243,9.166330814361572,2.067926290863285,-6.220063209533691,-1322.7685546875
244,9.202795267105103,2.072688939448552,-6.142614364624023,-1322.7669677734375
245,9.238897323608398,2.064973178938012,-6.066208362579346,-1322.76416015625
246,9.276843070983887,2.0697653714087294,-5.989863395690918,-1322.759521484375
247,9.314453363418579,2.057969799593454,-5.91369104385376,-1322.7537841796875
248,9.351210355758667,2.066969546200568,-5.8386125564575195,-1322.74609375
249,9.389254570007324,2.0568031770616355,-5.761831760406494,-1322.7371826171875
250,9.424031257629395,2.0701307710584818,-5.685058116912842,-1322.7269287109375
251,9.46182656288147,2.0742805363211474,-5.610632419586182,-1322.7152099609375
252,9.496927499771118,2.0605885014334953,-5.53548526763916,-1322.702392578125
253,9.53381896018982,2.0511420381103815,-5.461578369140625,-1322.6876220703125
254,9.571733474731445,2.0517540839739956,-5.3869452476501465,-1322.671875
255,9.608027219772339,2.0747172861664622,-5.312667369842529,-1322.654541015625
256,9.643719911575317,2.069720229728267,-5.239612102508545,-1322.635986328125
257,9.6825430393219,2.0627757191186604,-5.167092323303223,-1322.6162109375
258,9.71751856803894,2.060013894178996,-5.094859600067139,-1322.5950927734375
259,9.754305362701416,2.0511842929027053,-5.024197101593018,-1322.572998046875
260,9.793272495269775,2.056896952926891,-4.950927257537842,-1322.548583984375
261,9.828083038330078,2.0667508785751285,-4.879887580871582,-1322.5230712890625
262,9.864806890487671,2.066854396504364,-4.8097453117370605,-1322.49658203125
263,9.899533987045288,2.056186827573851,-4.740691184997559,-1322.469482421875
264,9.93693232536316,2.0505163452978072,-4.671504974365234,-1322.4403076171875
265,9.973479509353638,2.060495751146202,-4.600839138031006,-1322.4095458984375
266,10.009920835494995,2.0603181335218648,-4.532867908477783,-1322.3775634765625
267,10.045901536941528,2.0522464244643337,-4.466382026672363,-1322.34521484375
268,10.082398176193237,2.058145881213167,-4.399503707885742,-1322.3111572265625
269,10.119166135787964,2.050394860026509,-4.333395004272461,-1322.2757568359375
270,10.156139373779297,2.056515461024581,-4.267834663391113,-1322.2392578125
271,10.193188428878784,2.056686524289537,-4.202959060668945,-1322.201416015625
272,10.231530904769897,2.0577436034705805,-4.138094425201416,-1322.161865234375
273,10.268335103988647,2.0511695190464527,-4.073944091796875,-1322.1212158203125
274,10.307841062545776,2.05281573944337,-4.010446071624756,-1322.0792236328125
275,10.34434986114502,2.0580593371418705,-3.946211576461792,-1322.0347900390625
276,10.382243156433105,2.04795026413464,-3.883399248123169,-1321.990234375
277,10.421005010604858,2.0495404633325425,-3.8210248947143555,-1321.943359375
278,10.457729578018188,2.048441335808824,-3.7593202590942383,-1321.8956298828125
279,10.49670958518982,2.0730780749005246,-3.699491500854492,-1321.846923828125
280,10.534650564193726,2.044619448708238,-3.6399123668670654,-1321.7967529296875
281,10.57245922088623,2.043354607138141,-3.5817766189575195,-1321.746337890625
282,10.610241651535034,2.0457895122126577,-3.524214744567871,-1321.6937255859375
283,10.646381139755249,2.055091294794294,-3.468142032623291,-1321.641357421875
284,10.685515880584717,2.057027897274547,-3.412733316421509,-1321.58642578125
285,10.724239587783813,2.04362533201716,-3.3589460849761963,-1321.531494140625
286,10.762355089187622,2.0587595725495134,-3.3054163455963135,-1321.474853515625
287,10.80033564567566,2.0544412291609464,-3.2531566619873047,-1321.4171142578125
288,10.837270021438599,2.0507788159400593,-3.2011377811431885,-1321.357666015625
289,10.87735629081726,2.0353876371712296,-3.150570869445801,-1321.2969970703125
290,10.914825439453125,2.0467642632773004,-3.1016390323638916,-1321.236572265625
291,10.953375339508057,2.0432213449495826,-3.053961753845215,-1321.1751708984375
292,10.991325616836548,2.0477655980860856,-3.006824493408203,-1321.1116943359375
293,11.030224561691284,2.043710371904073,-2.961477279663086,-1321.048583984375
294,11.067335605621338,2.0547667544070336,-2.917356252670288,-1320.9844970703125
295,11.106070280075073,2.055826283975529,-2.8745367527008057,-1320.9195556640625
296,11.145046472549438,2.0489324486120792,-2.832516670227051,-1320.85302734375
297,11.182972192764282,2.0389243275844766,-2.7923498153686523,-1320.7862548828125
298,11.220941066741943,2.0446637833087995,-2.753607988357544,-1320.718994140625
299,11.260207653045654,2.0463341889619024,-2.71484375,-1320.649169921875
300,11.297043800354004,2.047951925037,-2.6787757873535156,-1320.5804443359375
301,11.334701538085938,2.047472134654975,-2.6436078548431396,-1320.51123046875
302,11.374242782592773,2.0451712837901526,-2.609886407852173,-1320.440185546875
303,11.413059711456299,2.046948783926069,-2.577744722366333,-1320.36962890625
304,11.451706647872925,2.0427604075247094,-2.546377182006836,-1320.2972412109375
305,11.488527059555054,2.0403028402660968,-2.517171621322632,-1320.225341796875
306,11.52773904800415,2.031761168757271,-2.4883458614349365,-1320.1522216796875
307,11.566455364227295,2.0417254149262902,-2.4617955684661865,-1320.078125
308,11.605496644973755,2.0370578399645907,-2.436110019683838,-1320.003662109375
309,11.643213748931885,2.0529281346458883,-2.4117774963378906,-1319.9278564453125
310,11.681073188781738,2.037353001412589,-2.389629602432251,-1319.853515625
311,11.720962047576904,2.0506483809184,-2.368274450302124,-1319.7777099609375
312,11.761439085006714,2.0403810168386682,-2.3488264083862305,-1319.7015380859375
313,11.808151721954346,2.0419729519677445,-2.330176591873169,-1319.624267578125
314,11.842300653457642,2.047704656581043,-2.31288480758667,-1319.54345703125
315,11.88063645362854,2.0374831645016203,-2.297497510910034,-1319.4632568359375
316,11.920981407165527,2.032149096536465,-2.2837374210357666,-1319.384765625
317,11.961909770965576,2.0418419237579055,-2.271472930908203,-1319.30419921875
318,12.001282453536987,2.033038035821484,-2.2605817317962646,-1319.224365234375
319,12.041050672531128,2.0330510975979674,-2.251875400543213,-1319.1431884765625
320,12.08103322982788,2.027879194955611,-2.244281053543091,-1319.06201171875