,time,speed,x_coordinate,y_coordinate
0,0.1594862937927246,0.024208362786352782,-10.000062942504883,-1309.0042724609375
1,0.20540380477905273,0.1175260306942038,-10.000127792358398,-1309.0113525390625
2,0.25025486946105957,0.19420157651771286,-10.000081062316895,-1309.0269775390625
3,0.29096436500549316,0.2448958573910125,-10.000155448913574,-1309.0491943359375
4,0.33185529708862305,0.31334737964682374,-10.000164985656738,-1309.0771484375
5,0.37098026275634766,0.3834734753146505,-10.000096321105957,-1309.1123046875
6,0.4063999652862549,0.43597684211609955,-10.000140190124512,-1309.147705078125
7,0.4353206157684326,0.5240695461961004,-10.0001859664917,-1309.18115234375
8,0.4673008918762207,0.585504017691805,-10.000120162963867,-1309.213134765625
9,0.4991898536682129,0.6345064156530136,-9.999998092651367,-1309.2423095703125
10,0.5311329364776611,0.6743976495121832,-10.000039100646973,-1309.270263671875
11,0.5649595260620117,0.7105388008682799,-10.000176429748535,-1309.297607421875
12,0.599003791809082,0.7594592703816432,-10.000215530395508,-1309.3250732421875
13,0.6309146881103516,0.7831934116667046,-10.0001802444458,-1309.352783203125
14,0.6641349792480469,0.8191679657340587,-10.000040054321289,-1309.3807373046875
15,0.6975522041320801,0.8377687828387459,-9.999966621398926,-1309.409423828125
16,0.7318019866943359,0.8731018491447963,-10.000090599060059,-1309.4384765625
17,0.7660655975341797,0.909630148294982,-10.000198364257812,-1309.4688720703125
18,0.7979800701141357,0.9309354617068314,-10.000177383422852,-1309.49951171875
19,0.8304159641265869,0.9524603110102388,-10.000022888183594,-1309.5311279296875
20,0.8652875423431396,0.9785354073417436,-9.999988555908203,-1309.5633544921875
21,0.8980107307434082,1.010746894450915,-10.000089645385742,-1309.5968017578125
22,0.9312689304351807,1.0346744178766292,-10.000174522399902,-1309.6304931640625
23,0.9790201187133789,1.0623754229655202,-10.000061988830566,-1309.6834716796875
24,1.0147724151611328,1.0987788881051344,-10.00006103515625,-1309.71923828125
25,1.064598798751831,1.1303734493432414,-10.000123023986816,-1309.7747802734375
26,1.1007521152496338,1.143524165072594,-10.000097274780273,-1309.8128662109375
27,1.1346917152404785,1.1776477449670963,-10.000078201293945,-1309.8529052734375
28,1.1712062358856201,1.1959369270020057,-10.000077247619629,-1309.8936767578125
29,1.2087395191192627,1.2051752325995504,-10.000031471252441,-1309.935791015625
30,1.242506504058838,1.2401941200882725,-10.000028610229492,-1309.979736328125
31,1.2760474681854248,1.2581810757250929,-10.0000581741333,-1310.0233154296875
32,1.3121495246887207,1.2660036277273727,-10.000016212463379,-1310.06689453125
33,1.347008466720581,1.2983331119042298,-10.000001907348633,-1310.11181640625
34,1.381934404373169,1.3167689538438536,-10.000018119812012,-1310.157470703125
35,1.4159958362579346,1.3245104808972152,-10.000011444091797,-1310.20361328125
36,1.4517638683319092,1.35276399887105,-10.00002384185791,-1310.25048828125
37,1.4867701530456543,1.3727612500789754,-10.000038146972656,-1310.298095703125
38,1.5217158794403076,1.3801224339294733,-10.000035285949707,-1310.3460693359375
39,1.556687593460083,1.3998778636008733,-10.00003719329834,-1310.3955078125
40,1.5927348136901855,1.4097363194437462,-10.000020027160645,-1310.444091796875
41,1.62709641456604,1.4286268318732507,-10.000000953674316,-1310.49365234375
42,1.6635525226593018,1.443217405933451,-9.999972343444824,-1310.5439453125
43,1.697497844696045,1.4500161506088367,-9.999954223632812,-1310.595458984375
44,1.7329280376434326,1.476356669757002,-9.99997615814209,-1310.646728515625
45,1.7680535316467285,1.4887313842887604,-9.99997329711914,-1310.6986083984375
46,1.8038108348846436,1.5001370078737206,-9.999971389770508,-1310.75146484375
47,1.8377158641815186,1.5126282461321314,-9.999942779541016,-1310.804931640625
48,1.8729395866394043,1.5140494289451754,-9.99991512298584,-1310.8572998046875
49,1.9087893962860107,1.5381363994241704,-9.999940872192383,-1310.91162109375
50,1.944756031036377,1.5460600898898815,-9.999926567077637,-1310.9656982421875
51,1.9797687530517578,1.5612141128299395,-9.999923706054688,-1311.0206298828125
52,2.0167043209075928,1.5776912095750009,-9.999885559082031,-1311.075439453125
53,2.051413059234619,1.5745568553992928,-9.999866485595703,-1311.1304931640625
54,2.086493730545044,1.587378364337189,-9.999894142150879,-1311.186767578125
55,2.1213996410369873,1.5896861130535895,-9.999868392944336,-1311.243408203125
56,2.1573736667633057,1.6157372441724687,-9.999897003173828,-1311.299560546875
57,2.190315008163452,1.6198022476278953,-9.999865531921387,-1311.3577880859375
58,2.226409435272217,1.631153412525794,-9.99986457824707,-1311.4144287109375
59,2.2612500190734863,1.6464885881852935,-9.999836921691895,-1311.4725341796875
60,2.295991897583008,1.6436474114598918,-9.9998140335083,-1311.5299072265625
61,2.3318352699279785,1.6532709990451924,-9.999834060668945,-1311.5877685546875
62,2.367053985595703,1.6541581442500768,-9.999802589416504,-1311.645751953125
63,2.3998661041259766,1.6742823963421358,-9.999802589416504,-1311.7041015625
64,2.4358582496643066,1.6741414152717113,-9.999698638916016,-1311.761962890625
65,2.4700658321380615,1.6941466526658482,-9.999711990356445,-1311.8199462890625
66,2.5047852993011475,1.6927986784857532,-9.99966812133789,-1311.879150390625
67,2.5408473014831543,1.7022512766058213,-9.999700546264648,-1311.9375
68,2.5747299194335938,1.713443148510362,-9.999689102172852,-1311.9981689453125
69,2.608827829360962,1.7108153661980718,-9.999662399291992,-1312.05712890625
70,2.644932270050049,1.7248199060199716,-9.999673843383789,-1312.117431640625
71,2.6787097454071045,1.7213243420304665,-9.999643325805664,-1312.177734375
72,2.7144618034362793,1.7344106559497907,-9.999706268310547,-1312.237548828125
73,2.7493720054626465,1.7339356783709743,-9.999663352966309,-1312.29833984375
74,2.7850077152252197,1.7500429684214698,-9.999709129333496,-1312.3585205078125
75,2.8189327716827393,1.7488057822656236,-9.999629974365234,-1312.4197998046875
76,2.8528425693511963,1.764920367584857,-9.999665260314941,-1312.4810791015625
77,2.8908064365386963,1.7570298338977,-9.999632835388184,-1312.542724609375
78,2.924311637878418,1.7753347422697332,-9.999676704406738,-1312.605224609375
79,2.958228588104248,1.7683813974728848,-9.999649047851562,-1312.6673583984375
80,2.9934871196746826,1.7816332664067536,-9.999659538269043,-1312.728515625
81,3.02898907661438,1.780332132724644,-9.99963665008545,-1312.791015625
82,3.0630457401275635,1.7879419538234453,-9.999656677246094,-1312.8533935546875
83,3.0981814861297607,1.7947005190340775,-9.999688148498535,-1312.915283203125
84,3.1330668926239014,1.7948127184638993,-9.999707221984863,-1312.97802734375
85,3.1683361530303955,1.806248341666451,-9.99974250793457,-1313.0411376953125
86,3.204341173171997,1.8030001599812924,-9.999732971191406,-1313.1041259765625
87,3.240919828414917,1.817234212491355,-9.999772071838379,-1313.1676025390625
88,3.274421453475952,1.8121294559067962,-9.999754905700684,-1313.2327880859375
89,3.3091673851013184,1.8264751172300278,-9.999771118164062,-1313.296630859375
90,3.3450372219085693,1.8203843406402498,-9.999751091003418,-1313.3594970703125
91,3.3790500164031982,1.8346880884255572,-9.999794006347656,-1313.422607421875
92,3.413074016571045,1.829155416434757,-9.999763488769531,-1313.4866943359375
93,3.4493234157562256,1.8436916594193808,-9.999777793884277,-1313.551025390625
94,3.4840381145477295,1.8383345695866598,-9.99974250793457,-1313.615478515625
95,3.5190494060516357,1.851807503156699,-9.99981689453125,-1313.6810302734375
96,3.5530946254730225,1.8473067393572447,-9.999820709228516,-1313.7447509765625
97,3.591046094894409,1.8598994410967395,-9.999873161315918,-1313.8095703125
98,3.6230311393737793,1.8555624163027697,-9.999855995178223,-1313.87646484375
99,3.658050537109375,1.86690430565265,-9.99992561340332,-1313.940673828125
100,3.692683219909668,1.8632558334924185,-9.999945640563965,-1314.005859375
101,3.7286458015441895,1.8741189076266422,-9.999998092651367,-1314.0703125
102,3.7642879486083984,1.8713542632593367,-9.999957084655762,-1314.1357421875
103,3.79825758934021,1.8820207364760353,-9.99996566772461,-1314.2015380859375
104,3.8348042964935303,1.8783484154011907,-9.999963760375977,-1314.2672119140625
105,3.869760274887085,1.8878583950730248,-10.000043869018555,-1314.333251953125
106,3.9038267135620117,1.8846558894703485,-10.000046730041504,-1314.399169921875
107,3.9416394233703613,1.8945159001549763,-10.000059127807617,-1314.4654541015625
108,3.975902557373047,1.89235825308733,-10.00004768371582,-1314.5335693359375
109,4.012019157409668,1.9000847956997984,-10.000110626220703,-1314.60009765625
110,4.046632528305054,1.900772620802383,-10.000164031982422,-1314.66748046875
111,4.080952405929565,1.9055689716938082,-10.00021743774414,-1314.735107421875
112,4.116537809371948,1.9074927002577569,-10.000247955322266,-1314.8017578125
113,4.1513848304748535,1.908783247873549,-10.000277519226074,-1314.86962890625
114,4.187385082244873,1.9133224994930598,-10.000328063964844,-1314.9365234375
115,4.22281289100647,1.9142038736968463,-10.000350952148438,-1315.004638671875
116,4.259417533874512,1.9209814325257295,-10.000370025634766,-1315.0726318359375
117,4.295565605163574,1.9195782382278475,-10.000383377075195,-1315.1409912109375
118,4.329745054244995,1.9275570485541786,-10.000441551208496,-1315.210205078125
119,4.363633871078491,1.9255381985122022,-10.000460624694824,-1315.2786865234375
120,4.398054838180542,1.9346722819260838,-10.000494003295898,-1315.3463134765625
121,4.434064149856567,1.9337621354957002,-10.000504493713379,-1315.4140625
122,4.469049692153931,1.9418689704330403,-10.000571250915527,-1315.4818115234375
123,4.5068747997283936,1.9398087401971411,-10.000630378723145,-1315.5496826171875
124,4.539162874221802,1.9478203726760563,-10.000690460205078,-1315.61962890625
125,4.5760602951049805,1.944297738289289,-10.000712394714355,-1315.687744140625
126,4.6107177734375,1.9525802857039951,-10.000792503356934,-1315.7559814453125
127,4.643653631210327,1.9513365564766811,-10.000831604003906,-1315.8240966796875
128,4.679496765136719,1.9580646147509677,-10.000884056091309,-1315.8914794921875
129,4.712990760803223,1.954877423886008,-10.00089168548584,-1315.9588623046875
130,4.748518228530884,1.960479256368773,-10.000931739807129,-1316.02734375
131,4.782931327819824,1.9596765227362951,-10.000968933105469,-1316.0948486328125
132,4.816873788833618,1.9636751443965044,-10.001029014587402,-1316.16357421875
133,4.852497339248657,1.9657123684426685,-10.001084327697754,-1316.2313232421875
134,4.887487888336182,1.96684603562837,-10.001129150390625,-1316.3001708984375
135,4.923479318618774,1.9698152484515496,-10.001199722290039,-1316.3680419921875
136,4.957017421722412,1.9682169005746908,-10.001254081726074,-1316.4381103515625
137,4.991034746170044,1.97473993996708,-10.001322746276855,-1316.506103515625
138,5.025882244110107,1.9715558693064625,-10.001355171203613,-1316.5743408203125
139,5.059917211532593,1.9791237487677207,-10.001446723937988,-1316.642578125
140,5.095000982284546,1.976642061831421,-10.00149154663086,-1316.7117919921875
141,5.130053520202637,1.9852838695538817,-10.001574516296387,-1316.7801513671875
142,5.166095733642578,1.9811310331223773,-10.00158977508545,-1316.8486328125
143,5.199841260910034,1.9917212175118182,-10.00163459777832,-1316.918212890625
144,5.234938859939575,1.9868798144043924,-10.001654624938965,-1316.9866943359375
145,5.270357370376587,1.9949519907344602,-10.00173568725586,-1317.056396484375
146,5.306502342224121,1.9923085649350725,-10.001801490783691,-1317.125
147,5.340412378311157,1.996858240743115,-10.001904487609863,-1317.19677734375
148,5.3748939037323,1.9967253875482758,-10.001968383789062,-1317.265625
149,5.410274505615234,1.9977444411535206,-10.002018928527832,-1317.3355712890625
150,5.44709324836731,2.0002237637457885,-10.002098083496094,-1317.405517578125
151,5.480161905288696,1.9982555670444675,-10.002153396606445,-1317.4755859375
152,5.515152931213379,2.0040652212423997,-10.002233505249023,-1317.545654296875
153,5.549569606781006,2.000700217392142,-10.00228500366211,-1317.6148681640625
154,5.585626840591431,2.0068523794092825,-10.002385139465332,-1317.68603515625
155,5.6200852394104,2.0048757663821233,-10.002449989318848,-1317.7552490234375
156,5.6569859981536865,2.0141227267467787,-10.00255012512207,-1317.8265380859375
157,5.692242622375488,2.0087736427848646,-10.002596855163574,-1317.89794921875
158,5.7271058559417725,2.0167690901915893,-10.002690315246582,-1317.9683837890625
159,5.759754180908203,2.0154741200159343,-10.002758979797363,-1318.038818359375
160,5.79520058631897,2.0182266469790977,-10.002847671508789,-1318.1083984375
161,5.83020544052124,2.018962641386974,-10.002923965454102,-1318.1778564453125
162,5.866814851760864,2.0183336364422906,-10.00300407409668,-1318.24853515625
163,5.901412725448608,2.021222698960928,-10.003118515014648,-1318.3192138671875
164,5.935256004333496,2.018062092661267,-10.003215789794922,-1318.3900146484375
165,5.970663070678711,2.0248724226774737,-10.003328323364258,-1318.4608154296875
166,6.00865364074707,2.0220602958249247,-10.003379821777344,-1318.53173828125
167,6.039571285247803,2.0295982465088303,-10.003487586975098,-1318.604736328125
168,6.074477910995483,2.02492063100293,-10.003561019897461,-1318.6746826171875
169,6.110737562179565,2.033781485405953,-10.003684997558594,-1318.7457275390625
170,6.145105600357056,2.0304394686182006,-10.003754615783691,-1318.8167724609375
171,6.180852651596069,2.0352845306479215,-10.003833770751953,-1318.886962890625
172,6.214343547821045,2.035689115040999,-10.003899574279785,-1318.9580078125
173,6.51359486579895,2.03394323291423,-10.003985404968262,-1319.029296875
174,6.54795241355896,2.0530147043001366,-10.004615783691406,-1319.635009765625
175,6.582829713821411,2.0639880405175335,-10.002817153930664,-1319.707763671875
176,6.617591619491577,2.0684909929651694,-9.99938678741455,-1319.778564453125
177,6.651215076446533,2.0789389092297688,-9.993501663208008,-1319.850830078125
178,6.691278696060181,2.084189212229922,-9.985586166381836,-1319.9229736328125
179,6.725295305252075,2.089670305564794,-9.97458267211914,-1319.9971923828125
180,6.757595062255859,2.0841757850871483,-9.961593627929688,-1320.0699462890625
181,6.7914886474609375,2.0910032634758937,-9.945782661437988,-1320.1414794921875
182,6.827363729476929,2.0895672918823975,-9.928345680236816,-1320.2113037109375
183,6.863023042678833,2.1045426651395203,-9.908535957336426,-1320.28076171875
184,6.897357225418091,2.0844694315036314,-9.886316299438477,-1320.3505859375
185,6.932821273803711,2.085727405133126,-9.862176895141602,-1320.41845703125
186,6.966674089431763,2.1060404650160134,-9.83498477935791,-1320.4866943359375
187,7.003749847412109,2.085687668834164,-9.8056640625,-1320.5538330078125
188,7.04178786277771,2.103415668227618,-9.77342700958252,-1320.621337890625
189,7.075822591781616,2.101961522786059,-9.738593101501465,-1320.6885986328125
190,7.114164113998413,2.1076734273909628,-9.70197868347168,-1320.752685546875
191,7.1469480991363525,2.081728465947533,-9.662708282470703,-1320.8165283203125
192,7.182901620864868,2.117379395281837,-9.620808601379395,-1320.8792724609375
193,7.2191009521484375,2.091533434255697,-9.578716278076172,-1320.9398193359375
194,7.252148866653442,2.1154412184152016,-9.534205436706543,-1321.0009765625
195,7.29054069519043,2.105281575425293,-9.488740921020508,-1321.06103515625
196,7.326395511627197,2.1212367700359596,-9.441534996032715,-1321.1214599609375
197,7.369858980178833,2.1069980279618834,-9.39445686340332,-1321.18017578125
198,7.401965856552124,2.11868261501468,-9.341597557067871,-1321.242919921875
199,7.437012672424316,2.1026328753793697,-9.29140567779541,-1321.30126953125
200,7.474942445755005,2.1031090111561093,-9.241196632385254,-1321.3565673828125
201,7.508772134780884,2.0883772447472366,-9.188932418823242,-1321.412841796875
202,7.544606924057007,2.1147759803697643,-9.137059211730957,-1321.4666748046875
203,7.581833124160767,2.110234036628977,-9.083369255065918,-1321.52001953125
204,7.619707345962524,2.1075737473899943,-9.029017448425293,-1321.572509765625
205,7.656815052032471,2.077287718899649,-8.97262954711914,-1321.6243896484375
206,7.70197606086731,2.0930768930270807,-8.91414737701416,-1321.6766357421875
207,7.73465371131897,2.0866062570662094,-8.85290241241455,-1321.7288818359375
208,7.767241954803467,2.089371066906155,-8.790327072143555,-1321.7799072265625
209,7.803192615509033,2.0844657910912567,-8.731212615966797,-1321.826416015625
210,7.842177391052246,2.100862834903799,-8.67105770111084,-1321.871826171875
211,7.8782429695129395,2.093812266636425,-8.609373092651367,-1321.9166259765625
212,7.914036750793457,2.0950972867123907,-8.546794891357422,-1321.9603271484375
213,7.951190948486328,2.0845633785284665,-8.482230186462402,-1322.0032958984375
214,7.989015102386475,2.088939070752155,-8.418130874633789,-1322.0443115234375
215,8.026101350784302,2.0922255178419515,-8.35136890411377,-1322.08544921875
216,8.061892032623291,2.0880515828684656,-8.285680770874023,-1322.1240234375
217,8.099091291427612,2.0905312820378286,-8.218682289123535,-1322.1622314453125
218,8.136377096176147,2.0742719352389227,-8.151571273803711,-1322.1981201171875
219,8.179668664932251,2.079095865355911,-8.083124160766602,-1322.2335205078125
220,8.213697671890259,2.0841373103359424,-8.0090970993042,-1322.2698974609375
221,8.247187614440918,2.082538020367698,-7.9391679763793945,-1322.30224609375
222,8.286095142364502,2.0820361137006476,-7.870814800262451,-1322.3330078125
223,8.324034214019775,2.0821005495550726,-7.799692630767822,-1322.362548828125
224,8.358262538909912,2.091035775162743,-7.727319240570068,-1322.3917236328125
225,8.394716024398804,2.080230292017915,-7.657351970672607,-1322.4180908203125
226,8.434871673583984,2.0645662792929103,-7.585705757141113,-1322.4434814453125
227,8.471304178237915,2.069281399579297,-7.513844013214111,-1322.4677734375
228,8.508150815963745,2.0858525115145308,-7.440448760986328,-1322.49072265625
229,8.543761491775513,2.084299607683903,-7.366727828979492,-1322.512451171875
230,8.581217765808105,2.079331170461925,-7.29266881942749,-1322.53271484375
231,8.618995904922485,2.0715820177261506,-7.216993808746338,-1322.5516357421875
232,8.655599117279053,2.0745166841017446,-7.142383575439453,-1322.5689697265625
233,8.693042278289795,2.073913740736874,-7.0661420822143555,-1322.585205078125
234,8.730964183807373,2.069101660142171,-6.990812301635742,-1322.5994873046875
235,8.768084287643433,2.0759788209974297,-6.913324356079102,-1322.6131591796875
236,8.80484414100647,2.0680850672440814,-6.837555408477783,-1322.6243896484375
237,8.842215299606323,2.0777434409172666,-6.760605812072754,-1322.634765625
238,8.879794597625732,2.073844014789072,-6.684307098388672,-1322.6434326171875
239,8.917089700698853,2.06686995878512,-6.608056545257568,-1322.6505126953125
240,8.95638656616211,2.066439765277507,-6.530661582946777,-1322.65673828125
241,8.992376327514648,2.0692545039467003,-6.452099800109863,-1322.6607666015625
242,9.029389381408691,2.077641216171735,-6.375613689422607,-1322.6636962890625
243,9.06829833984375,2.073892126291921,-6.298206806182861,-1322.6649169921875
244,9.104300498962402,2.0580228091710224,-6.220680236816406,-1322.664794921875
245,9.141724348068237,2.066511145558648,-6.14217472076416,-1322.6632080078125
246,9.179255962371826,2.0683573000496347,-6.065734386444092,-1322.659912109375
247,9.216113090515137,2.052284630316782,-5.98840856552124,-1322.655517578125
248,9.25322699546814,2.0638127575410192,-5.912286281585693,-1322.649658203125
249,9.291799306869507,2.0619630092490535,-5.836180686950684,-1322.6419677734375
250,9.32782244682312,2.080441730123054,-5.75946044921875,-1322.6329345703125
251,9.36487603187561,2.0632871145526868,-5.68371057510376,-1322.6224365234375
252,9.403446674346924,2.0520143960776047,-5.608364105224609,-1322.6107177734375
253,9.438902139663696,2.066284243474568,-5.533167362213135,-1322.597900390625
254,9.476915121078491,2.055908366425451,-5.457340240478516,-1322.5828857421875
255,9.51146125793457,2.0670400863420726,-5.382754325866699,-1322.5670166015625
256,9.54925012588501,2.0640888268427284,-5.308372497558594,-1322.549560546875
257,9.584741830825806,2.061895374845757,-5.235624313354492,-1322.531005859375
258,9.62334132194519,2.0602033352480222,-5.1619648933410645,-1322.51123046875
259,9.659441232681274,2.0549935829029056,-5.088933944702148,-1322.4892578125
260,9.69673204421997,2.0674102787588535,-5.017154693603516,-1322.466796875
261,9.732426643371582,2.0585294964300305,-4.945990562438965,-1322.44287109375
262,9.772838115692139,2.0486820192672113,-4.875189781188965,-1322.4176025390625
263,9.807838916778564,2.0623274608685698,-4.803950309753418,-1322.3907470703125
264,9.844613790512085,2.060121672194342,-4.733315467834473,-1322.3624267578125
265,9.880630731582642,2.056380133278962,-4.663121700286865,-1322.3328857421875
266,9.916933298110962,2.050854073352951,-4.594497203826904,-1322.3026123046875
267,9.954669952392578,2.0599236006188257,-4.525594234466553,-1322.2701416015625
268,9.991607666015625,2.0558615395703135,-4.456540584564209,-1322.236328125
269,10.02809762954712,2.0531476813878813,-4.3897480964660645,-1322.2020263671875
270,10.066129446029663,2.051101030545503,-4.322866439819336,-1322.1658935546875
271,10.101832151412964,2.052344922150808,-4.256461143493652,-1322.129150390625
272,10.138975381851196,2.0550425414378486,-4.1919732093811035,-1322.0908203125
273,10.177883386611938,2.054542317471382,-4.126209735870361,-1322.05078125
274,10.216095209121704,2.066638982142932,-4.062182426452637,-1322.009765625
275,10.253618001937866,2.0366868552812867,-3.9981324672698975,-1321.967041015625
276,10.29313611984253,2.050106026692307,-3.9338538646698,-1321.9227294921875
277,10.33112382888794,2.0494764851078036,-3.8707382678985596,-1321.8768310546875
278,10.371090173721313,2.0588717140159174,-3.8083295822143555,-1321.830078125
279,10.40808629989624,2.0559693920008146,-3.7461724281311035,-1321.7813720703125
280,10.445097923278809,2.0451859013980274,-3.6849653720855713,-1321.7313232421875
281,10.483546733856201,2.06592460621141,-3.6255056858062744,-1321.6810302734375
282,10.52251124382019,2.048300741012635,-3.567155122756958,-1321.62939453125
283,10.560339212417603,2.04211464028705,-3.508916139602661,-1321.5760498046875
284,10.597205400466919,2.0420416315229857,-3.453289747238159,-1321.5230712890625
285,10.635226726531982,2.048602218301907,-3.3980488777160645,-1321.4681396484375
286,10.67559552192688,2.0510898910821647,-3.3439016342163086,-1321.412353515625
287,10.712318181991577,2.042080106982728,-3.2900266647338867,-1321.3546142578125
288,10.75142526626587,2.0446911734416067,-3.23734974861145,-1321.2960205078125
289,10.790157556533813,2.064772280299028,-3.186265707015991,-1321.2371826171875
290,10.82912802696228,2.045892186780641,-3.1353695392608643,-1321.1756591796875
291,10.867159128189087,2.0341853577139415,-3.086874008178711,-1321.1148681640625
292,10.9044668674469,2.040872455429362,-3.0389318466186523,-1321.0521240234375
293,10.94327163696289,2.053492658364184,-2.9924190044403076,-1320.9886474609375
294,10.985229730606079,2.0493852456837804,-2.946638822555542,-1320.92431640625
295,11.020711660385132,2.0454529089552542,-2.9026408195495605,-1320.8590087890625
296,11.059081077575684,2.049951349681663,-2.8594746589660645,-1320.7930908203125
297,11.097145080566406,2.062162735982391,-2.8186118602752686,-1320.726806640625
298,11.138335227966309,2.0427988785856908,-2.7783777713775635,-1320.6591796875
299,11.177133560180664,2.0384933568326633,-2.7397220134735107,-1320.5916748046875
300,11.212977647781372,2.0473094519058876,-2.7023141384124756,-1320.5224609375
301,11.250869989395142,2.038654047768566,-2.6657826900482178,-1320.4527587890625
302,11.29144549369812,2.0378515179061516,-2.63127064704895,-1320.3819580078125
303,11.32863473892212,2.0319199699254455,-2.597153902053833,-1320.31005859375
304,11.366999626159668,2.058630651892901,-2.565021514892578,-1320.2381591796875
305,11.406972646713257,2.042018866159806,-2.5344715118408203,-1320.1656494140625
306,11.445230722427368,2.042994626605495,-2.5045549869537354,-1320.0916748046875
307,11.483293056488037,2.0343129857345574,-2.477022409439087,-1320.0179443359375
308,11.523781299591064,2.0480997569264616,-2.450446605682373,-1319.9439697265625
309,11.561662912368774,2.0420719022075504,-2.425293207168579,-1319.868408203125
310,11.600569725036621,2.027104275070324,-2.4019370079040527,-1319.793212890625
311,11.641184329986572,2.0360018550881085,-2.3795011043548584,-1319.716796875
312,11.679651498794556,2.0445191493118764,-2.358968734741211,-1319.639892578125
313,11.721251487731934,2.037176368389555,-2.33953595161438,-1319.5626220703125
314,11.763653993606567,2.0433467944226194,-2.3216679096221924,-1319.4840087890625
315,11.804173707962036,2.0321891741029234,-2.3046457767486572,-1319.40087890625
316,11.84389853477478,2.0574726920535262,-2.2900197505950928,-1319.321533203125
317,11.882776498794556,2.032389039949098,-2.276637315750122,-1319.239990234375
318,11.926671743392944,2.040486939547011,-2.264702796936035,-1319.158203125
319,11.964486598968506,2.045515672739755,-2.254915475845337,-1319.0750732421875