0.12499642372131348
0.12499594688415527
0.12499260902404785
0.10937714576721191
0.1249690055847168
0.12500715255737305
0.10934948921203613
0.12499642372131348
0.1249701976776123
0.12499594688415527
0.12499666213989258
0.1249697208404541
0.12496709823608398
0.12499547004699707
0.1249690055847168
0.12500810623168945
0.10938501358032227
0.10938572883605957
0.10937643051147461
0.12499713897705078
0.10933756828308105
0.12500643730163574
0.12499618530273438
0.12499570846557617
0.12499475479125977
0.12500572204589844
0.12500691413879395
0.124969482421875
0.12500810623168945
0.12499570846557617
0.10938549041748047
0.12499594688415527
0.124969482421875
0.12499523162841797
0.12496590614318848
0.12499475479125977
0.12499737739562988
0.12498831748962402
0.12500429153442383
0.12499475479125977
0.12499475479125977
0.12499499320983887
0.10934829711914062
0.1249697208404541
0.12499380111694336
0.12499547004699707
0.12499475479125977
0.12499427795410156
0.109375
0.12499737739562988
0.12499666213989258
0.1249704360961914
0.10934948921203613
0.1249692440032959
0.124969482421875
0.12499570846557617
0.12498188018798828
0.10934948921203613
0.12500691413879395
0.1249704360961914
0.12500548362731934
0.12499523162841797
0.12500596046447754
0.1093747615814209
0.12499475479125977
0.12499403953552246
0.10936355590820312
0.12499260902404785
0.1249690055847168
0.10930967330932617
0.12499547004699707
0.12499570846557617
0.1249704360961914
0.12499547004699707
0.12500929832458496
0.10934782028198242
0.10934615135192871
0.12496495246887207
0.12499523162841797
0.12499690055847168
0.12501192092895508
0.12499737739562988
0.12499594688415527
0.1250011920928955
0.12499475479125977
0.10934734344482422
0.12499642372131348
0.12499523162841797
