mean = 0.2537154256604002
standard deviation = 0.0008395505018575476
0.2536151095170241
0.2536150728372427
0.2536148160787729
0.2561530161963569
0.2536130004295936
0.2536159348121056
0.2524114991701566
0.2536151095170241
0.2536130921290471
0.2536150728372427
0.2536151278569148
0.2536130554492657
0.253612853710468
0.2536150361574613
0.2536130004295936
0.2536160081716684
0.25241423181387096
0.25241428683354306
0.25241357157780575
0.255363376270641
0.2524105821756216
0.2536158797924335
0.25361509117713343
0.253615054497352
0.2536149811377892
0.2536158247727614
0.25361591647221493
0.253613037109375
0.2536160081716684
0.2553632462241433
0.25241426849365234
0.2536150728372427
0.253613037109375
0.2536150178175706
0.25536053692210803
0.2536149811377892
0.2536151828765869
0.2536144859607403
0.2536157147334172
0.2536149811377892
0.2536149811377892
0.2536149994776799
0.2539407542835582
0.25536088371276855
0.25361490777822643
0.2536150361574613
0.2536149811377892
0.2536149444580078
0.25241346153846156
0.2536151828765869
0.2536151278569148
0.2536131104689378
0.25394086265563964
0.25536084036393597
0.253613037109375
0.253615054497352
0.2536139907836914
0.2524114991701566
0.25361591647221493
0.2536131104689378
0.25536413487521087
0.2536150178175706
0.2536158431126521
0.25241344319857084
0.2536149811377892
0.2553630945032293
0.2524125812237079
0.2536148160787729
0.2536130004295936
0.2524084364084097
0.2536150361574613
0.253615054497352
0.2553609487360174
0.2536150361574613
0.25361609987112194
0.25241137079092174
0.25241124241168683
0.2536126886514517
0.2536150178175706
0.25536335459622467
0.2536163016099196
0.25536339794505725
0.2536150728372427
0.2536154763148381
0.25536315952647815
0.2539406675858931
0.25536331124739214
0.2536150178175706
